0.00425231   -5.17693   -6.90257   -3.67637
0.00850462   -5.57698   -7.43598   -3.96047
0.0127569   -5.8891   -7.85213   -4.18211
0.0170092   -6.14821   -8.19761   -4.36612
0.0212616   -6.3716   -8.49547   -4.52476
0.0255139   -6.5691   -8.7588   -4.66501
0.0297662   -6.74684   -8.99578   -4.79123
0.0340185   -6.90892   -9.21189   -4.90633
0.0382708   -7.05823   -9.41097   -5.01236
0.0425231   -7.19688   -9.59584   -5.11083
0.0467754   -7.32648   -9.76863   -5.20286
0.0510277   -7.44826   -9.93101   -5.28934
0.05528   -7.56321   -10.0843   -5.37097
0.0595323   -7.67213   -10.2295   -5.44832
0.0637847   -7.77567   -10.3676   -5.52185
0.068037   -7.87439   -10.4992   -5.59196
0.0722893   -7.96874   -10.625   -5.65896
0.0765416   -8.05911   -10.7455   -5.72314
0.0807939   -8.14585   -10.8611   -5.78473
0.0850462   -8.22925   -10.9723   -5.84396
0.0892985   -8.30956   -11.0794   -5.90099
0.0935508   -8.38701   -11.1827   -5.95599
0.0978031   -8.46179   -11.2824   -6.0091
0.102055   -8.5341   -11.3788   -6.06045
0.106308   -8.60408   -11.4721   -6.11014
0.11056   -8.67188   -11.5625   -6.15829
0.114812   -8.73763   -11.6502   -6.20498
0.119065   -8.80145   -11.7353   -6.2503
0.123317   -8.86343   -11.8179   -6.29432
0.127569   -8.92369   -11.8983   -6.33711
0.131822   -8.9823   -11.9764   -6.37874
0.136074   -9.03936   -12.0525   -6.41926
0.140326   -9.09493   -12.1266   -6.45872
0.144579   -9.14909   -12.1988   -6.49718
0.148831   -9.20189   -12.2692   -6.53468
0.153083   -9.25341   -12.3379   -6.57126
0.157335   -9.30369   -12.4049   -6.60697
0.161588   -9.35279   -12.4704   -6.64184
0.16584   -9.40076   -12.5343   -6.6759
0.170092   -9.44763   -12.5968   -6.70919
0.174345   -9.49346   -12.6579   -6.74173
0.178597   -9.53828   -12.7177   -6.77356
0.182849   -9.58213   -12.7762   -6.8047
0.187102   -9.62505   -12.8334   -6.83518
0.191354   -9.66706   -12.8894   -6.86502
0.195606   -9.70821   -12.9443   -6.89423
0.199859   -9.74851   -12.998   -6.92286
0.204111   -9.788   -13.0507   -6.9509
0.208363   -9.82671   -13.1023   -6.97839
0.212616   -9.86466   -13.1529   -7.00534
0.216868   -9.90187   -13.2025   -7.03176
0.22112   -9.93836   -13.2511   -7.05768
0.225372   -9.97416   -13.2989   -7.0831
0.229625   -10.0093   -13.3457   -7.10805
0.233877   -10.0438   -13.3917   -7.13253
0.238129   -10.0776   -13.4368   -7.15657
0.242382   -10.1108   -13.4811   -7.18016
0.246634   -10.1435   -13.5246   -7.20334
0.250886   -10.1755   -13.5674   -7.22609
0.255139   -10.207   -13.6093   -7.24845
0.259391   -10.2379   -13.6506   -7.27041
0.263643   -10.2683   -13.6911   -7.292
0.267896   -10.2982   -13.7309   -7.31321
0.272148   -10.3275   -13.7701   -7.33406
0.2764   -10.3564   -13.8085   -7.35455
0.280652   -10.3848   -13.8464   -7.3747
0.284905   -10.4127   -13.8836   -7.39452
0.289157   -10.4401   -13.9202   -7.414
0.293409   -10.4671   -13.9562   -7.43317
0.297662   -10.4937   -13.9916   -7.45202
0.301914   -10.5198   -14.0264   -7.47057
0.306166   -10.5455   -14.0606   -7.48882
0.310419   -10.5708   -14.0943   -7.50677
0.314671   -10.5956   -14.1275   -7.52444
0.318923   -10.6201   -14.1602   -7.54183
0.323176   -10.6442   -14.1923   -7.55895
0.327428   -10.668   -14.2239   -7.5758
0.33168   -10.6913   -14.2551   -7.59238
0.335932   -10.7143   -14.2858   -7.60871
0.340185   -10.737   -14.3159   -7.62479
0.344437   -10.7592   -14.3457   -7.64063
0.348689   -10.7812   -14.3749   -7.65622
0.352942   -10.8028   -14.4038   -7.67157
0.357194   -10.8241   -14.4322   -7.68669
0.361446   -10.8451   -14.4601   -7.70159
0.365699   -10.8658   -14.4877   -7.71626
0.369951   -10.8861   -14.5148   -7.73071
0.374203   -10.9062   -14.5415   -7.74495
0.378456   -10.9259   -14.5679   -7.75898
0.382708   -10.9454   -14.5938   -7.7728
0.38696   -10.9646   -14.6194   -7.78642
0.391213   -10.9834   -14.6446   -7.79984
0.395465   -11.0021   -14.6694   -7.81306
0.399717   -11.0204   -14.6939   -7.82609
0.403969   -11.0385   -14.718   -7.83894
0.408222   -11.0563   -14.7418   -7.85159
0.412474   -11.0739   -14.7652   -7.86407
0.416726   -11.0912   -14.7883   -7.87636
0.420979   -11.1083   -14.811   -7.88848
0.425231   -11.1251   -14.8335   -7.90043
0.429483   -11.1417   -14.8556   -7.9122
0.433736   -11.158   -14.8774   -7.92381
0.437988   -11.1741   -14.8988   -7.93525
0.44224   -11.19   -14.92   -7.94653
0.446493   -11.2057   -14.9409   -7.95765
0.450745   -11.2211   -14.9615   -7.96862
0.454997   -11.2363   -14.9818   -7.97943
0.459249   -11.2513   -15.0018   -7.99009
0.463502   -11.2661   -15.0215   -8.00059
0.467754   -11.2807   -15.041   -8.01096
0.472006   -11.2951   -15.0602   -8.02117
0.476259   -11.3093   -15.0791   -8.03124
0.480511   -11.3233   -15.0977   -8.04118
0.484763   -11.3371   -15.1161   -8.05097
0.489016   -11.3507   -15.1342   -8.06063
0.493268   -11.3641   -15.1521   -8.07015
0.49752   -11.3773   -15.1697   -8.07954
0.501773   -11.3903   -15.1871   -8.0888
0.506025   -11.4032   -15.2043   -8.09793
0.510277   -11.4159   -15.2212   -8.10693
0.51453   -11.4284   -15.2378   -8.11581
0.518782   -11.4407   -15.2543   -8.12456
0.523034   -11.4529   -15.2705   -8.1332
0.527286   -11.4649   -15.2865   -8.14171
0.531539   -11.4767   -15.3022   -8.1501
0.535791   -11.4883   -15.3178   -8.15838
0.540043   -11.4998   -15.3331   -8.16655
0.544296   -11.5112   -15.3482   -8.1746
0.548548   -11.5223   -15.3631   -8.18254
0.5528   -11.5334   -15.3778   -8.19036
0.557053   -11.5442   -15.3923   -8.19808
0.561305   -11.555   -15.4066   -8.20569
0.565557   -11.5655   -15.4207   -8.2132
0.56981   -11.5759   -15.4346   -8.2206
0.574062   -11.5862   -15.4483   -8.2279
0.578314   -11.5964   -15.4618   -8.23509
0.582566   -11.6063   -15.4751   -8.24218
0.586819   -11.6162   -15.4883   -8.24918
0.591071   -11.6259   -15.5012   -8.25608
0.595323   -11.6355   -15.514   -8.26288
0.599576   -11.6449   -15.5266   -8.26958
0.603828   -11.6542   -15.539   -8.27619
0.60808   -11.6634   -15.5512   -8.28271
0.612333   -11.6724   -15.5633   -8.28913
0.616585   -11.6814   -15.5752   -8.29546
0.620837   -11.6902   -15.5869   -8.30171
0.62509   -11.6988   -15.5984   -8.30786
0.629342   -11.7074   -15.6098   -8.31393
0.633594   -11.7158   -15.621   -8.3199
0.637847   -11.7241   -15.6321   -8.3258
0.642099   -11.7323   -15.643   -8.33161
0.646351   -11.7403   -15.6538   -8.33733
0.650603   -11.7483   -15.6644   -8.34297
0.654856   -11.7561   -15.6748   -8.34854
0.659108   -11.7638   -15.6851   -8.35401
0.66336   -11.7714   -15.6952   -8.35941
0.667613   -11.7789   -15.7052   -8.36474
0.671865   -11.7863   -15.7151   -8.36998
0.676117   -11.7936   -15.7248   -8.37514
0.68037   -11.8007   -15.7343   -8.38023
0.684622   -11.8078   -15.7437   -8.38525
0.688874   -11.8148   -15.753   -8.39019
0.693127   -11.8216   -15.7621   -8.39505
0.697379   -11.8284   -15.7711   -8.39984
0.701631   -11.835   -15.78   -8.40456
0.705883   -11.8415   -15.7887   -8.40921
0.710136   -11.848   -15.7973   -8.41379
0.714388   -11.8543   -15.8058   -8.4183
0.71864   -11.8606   -15.8141   -8.42274
0.722893   -11.8667   -15.8223   -8.42711
0.727145   -11.8728   -15.8304   -8.43141
0.731397   -11.8788   -15.8384   -8.43565
0.73565   -11.8846   -15.8462   -8.43982
0.739902   -11.8904   -15.8539   -8.44392
0.744154   -11.8961   -15.8615   -8.44796
0.748407   -11.9017   -15.8689   -8.45194
0.752659   -11.9072   -15.8763   -8.45585
0.756911   -11.9126   -15.8835   -8.4597
0.761164   -11.918   -15.8906   -8.46349
0.765416   -11.9232   -15.8976   -8.46721
0.769668   -11.9284   -15.9045   -8.47088
0.77392   -11.9335   -15.9113   -8.47448
0.778173   -11.9384   -15.9179   -8.47803
0.782425   -11.9434   -15.9245   -8.48151
0.786677   -11.9482   -15.9309   -8.48494
0.79093   -11.9529   -15.9372   -8.48831
0.795182   -11.9576   -15.9434   -8.49162
0.799434   -11.9622   -15.9496   -8.49487
0.803687   -11.9667   -15.9556   -8.49807
0.807939   -11.9711   -15.9615   -8.50122
0.812191   -11.9754   -15.9673   -8.5043
0.816444   -11.9797   -15.973   -8.50734
0.820696   -11.9839   -15.9786   -8.51032
0.824948   -11.988   -15.984   -8.51324
0.8292   -11.9921   -15.9894   -8.51612
0.833453   -11.9961   -15.9947   -8.51894
0.837705   -12   -15.9999   -8.52171
0.841957   -12.0038   -16.005   -8.52442
0.84621   -12.0075   -16.01   -8.52709
0.850462   -12.0112   -16.015   -8.52971
0.854714   -12.0148   -16.0198   -8.53227
0.858967   -12.0184   -16.0245   -8.53479
0.863219   -12.0218   -16.0291   -8.53725
0.867471   -12.0253   -16.0337   -8.53967
0.871724   -12.0286   -16.0381   -8.54204
0.875976   -12.0319   -16.0425   -8.54436
0.880228   -12.0351   -16.0468   -8.54664
0.884481   -12.0382   -16.0509   -8.54887
0.888733   -12.0413   -16.055   -8.55105
0.892985   -12.0443   -16.059   -8.55318
0.897237   -12.0472   -16.063   -8.55527
0.90149   -12.0501   -16.0668   -8.55732
0.905742   -12.0529   -16.0706   -8.55932
0.909994   -12.0557   -16.0742   -8.56127
0.914247   -12.0584   -16.0778   -8.56319
0.918499   -12.061   -16.0813   -8.56505
0.922751   -12.0636   -16.0847   -8.56688
0.927004   -12.0661   -16.0881   -8.56866
0.931256   -12.0685   -16.0914   -8.5704
0.935508   -12.0709   -16.0945   -8.5721
0.939761   -12.0732   -16.0977   -8.57375
0.944013   -12.0755   -16.1007   -8.57536
0.948265   -12.0777   -16.1036   -8.57694
0.952517   -12.0799   -16.1065   -8.57847
0.95677   -12.082   -16.1093   -8.57996
0.961022   -12.084   -16.112   -8.58141
0.965274   -12.086   -16.1147   -8.58283
0.969527   -12.088   -16.1173   -8.5842
0.973779   -12.0898   -16.1198   -8.58553
0.978031   -12.0917   -16.1222   -8.58683
0.982284   -12.0934   -16.1246   -8.58809
0.986536   -12.0951   -16.1269   -8.58931
0.990788   -12.0968   -16.1291   -8.59049
0.995041   -12.0984   -16.1312   -8.59163
0.999293   -12.1   -16.1333   -8.59274
1.00355   -12.1015   -16.1353   -8.59381
1.0078   -12.1029   -16.1373   -8.59484
1.01205   -12.1043   -16.1391   -8.59584
1.0163   -12.1057   -16.1409   -8.5968
1.02055   -12.107   -16.1427   -8.59773
1.02481   -12.1083   -16.1443   -8.59862
1.02906   -12.1095   -16.146   -8.59948
1.03331   -12.1106   -16.1475   -8.6003
1.03756   -12.1117   -16.149   -8.60109
1.04182   -12.1128   -16.1504   -8.60184
1.04607   -12.1138   -16.1517   -8.60256
1.05032   -12.1148   -16.153   -8.60324
1.05457   -12.1157   -16.1543   -8.6039
1.05883   -12.1166   -16.1554   -8.60452
1.06308   -12.1174   -16.1565   -8.6051
1.06733   -12.1182   -16.1576   -8.60566
1.07158   -12.1189   -16.1585   -8.60618
1.07583   -12.1196   -16.1595   -8.60667
1.08009   -12.1202   -16.1603   -8.60713
1.08434   -12.1208   -16.1611   -8.60755
1.08859   -12.1214   -16.1619   -8.60795
1.09284   -12.1219   -16.1625   -8.60831
1.0971   -12.1224   -16.1632   -8.60865
1.10135   -12.1228   -16.1637   -8.60895
1.1056   -12.1232   -16.1643   -8.60922
1.10985   -12.1235   -16.1647   -8.60946
1.11411   -12.1238   -16.1651   -8.60968
1.11836   -12.1241   -16.1655   -8.60986
1.12261   -12.1243   -16.1657   -8.61001
1.12686   -12.1245   -16.166   -8.61014
1.13111   -12.1246   -16.1662   -8.61023
1.13537   -12.1247   -16.1663   -8.6103
1.13962   -12.1248   -16.1664   -8.61034
1.14387   -12.1248   -16.1664   -8.61035
1.14812   -12.1248   -16.1663   -8.61033
1.15238   -12.1247   -16.1662   -8.61029
1.15663   -12.1246   -16.1661   -8.61021
1.16088   -12.1244   -16.1659   -8.61011
1.16513   -12.1243   -16.1657   -8.60998
1.16939   -12.124   -16.1654   -8.60983
1.17364   -12.1238   -16.165   -8.60964
1.17789   -12.1235   -16.1647   -8.60944
1.18214   -12.1232   -16.1642   -8.6092
1.18639   -12.1228   -16.1637   -8.60894
1.19065   -12.1224   -16.1632   -8.60865
1.1949   -12.1219   -16.1626   -8.60834
1.19915   -12.1215   -16.162   -8.608
1.2034   -12.121   -16.1613   -8.60763
1.20766   -12.1204   -16.1605   -8.60724
1.21191   -12.1198   -16.1598   -8.60683
1.21616   -12.1192   -16.1589   -8.60639
1.22041   -12.1185   -16.1581   -8.60592
1.22467   -12.1179   -16.1571   -8.60543
1.22892   -12.1171   -16.1562   -8.60492
1.23317   -12.1164   -16.1552   -8.60438
1.23742   -12.1156   -16.1541   -8.60382
1.24167   -12.1148   -16.153   -8.60323
1.24593   -12.1139   -16.1519   -8.60262
1.25018   -12.113   -16.1507   -8.60199
1.25443   -12.1121   -16.1494   -8.60133
1.25868   -12.1111   -16.1482   -8.60065
1.26294   -12.1101   -16.1468   -8.59994
1.26719   -12.1091   -16.1455   -8.59922
1.27144   -12.108   -16.1441   -8.59847
1.27569   -12.107   -16.1426   -8.5977
1.27995   -12.1058   -16.1411   -8.5969
1.2842   -12.1047   -16.1396   -8.59608
1.28845   -12.1035   -16.138   -8.59525
1.2927   -12.1023   -16.1364   -8.59438
1.29695   -12.1011   -16.1347   -8.5935
1.30121   -12.0998   -16.133   -8.5926
1.30546   -12.0985   -16.1313   -8.59167
1.30971   -12.0971   -16.1295   -8.59072
1.31396   -12.0958   -16.1277   -8.58975
1.31822   -12.0944   -16.1258   -8.58876
1.32247   -12.093   -16.1239   -8.58775
1.32672   -12.0915   -16.122   -8.58672
1.33097   -12.09   -16.12   -8.58567
1.33523   -12.0885   -16.118   -8.5846
1.33948   -12.087   -16.116   -8.5835
1.34373   -12.0854   -16.1139   -8.58239
1.34798   -12.0838   -16.1117   -8.58125
1.35223   -12.0822   -16.1096   -8.5801
1.35649   -12.0805   -16.1074   -8.57893
1.36074   -12.0788   -16.1051   -8.57773
1.36499   -12.0771   -16.1029   -8.57652
1.36924   -12.0754   -16.1005   -8.57529
1.3735   -12.0736   -16.0982   -8.57403
1.37775   -12.0718   -16.0958   -8.57276
1.382   -12.07   -16.0934   -8.57147
1.38625   -12.0682   -16.0909   -8.57016
1.39051   -12.0663   -16.0884   -8.56883
1.39476   -12.0644   -16.0859   -8.56748
1.39901   -12.0625   -16.0833   -8.56612
1.40326   -12.0605   -16.0807   -8.56473
1.40751   -12.0586   -16.0781   -8.56333
1.41177   -12.0566   -16.0754   -8.56191
1.41602   -12.0545   -16.0727   -8.56047
1.42027   -12.0525   -16.07   -8.55901
1.42452   -12.0504   -16.0672   -8.55754
1.42878   -12.0483   -16.0644   -8.55604
1.43303   -12.0462   -16.0616   -8.55453
1.43728   -12.044   -16.0587   -8.553
1.44153   -12.0418   -16.0558   -8.55146
1.44579   -12.0396   -16.0529   -8.54989
1.45004   -12.0374   -16.0499   -8.54831
1.45429   -12.0352   -16.0469   -8.54672
1.45854   -12.0329   -16.0439   -8.5451
1.46279   -12.0306   -16.0408   -8.54347
1.46705   -12.0283   -16.0377   -8.54182
1.4713   -12.0259   -16.0346   -8.54015
1.47555   -12.0236   -16.0314   -8.53847
1.4798   -12.0212   -16.0282   -8.53677
1.48406   -12.0188   -16.025   -8.53506
1.48831   -12.0163   -16.0218   -8.53333
1.49256   -12.0139   -16.0185   -8.53158
1.49681   -12.0114   -16.0152   -8.52982
1.50107   -12.0089   -16.0118   -8.52804
1.50532   -12.0063   -16.0085   -8.52624
1.50957   -12.0038   -16.005   -8.52443
1.51382   -12.0012   -16.0016   -8.5226
1.51807   -11.9986   -15.9982   -8.52076
1.52233   -11.996   -15.9947   -8.5189
1.52658   -11.9934   -15.9911   -8.51703
1.53083   -11.9907   -15.9876   -8.51514
1.53508   -11.988   -15.984   -8.51323
1.53934   -11.9853   -15.9804   -8.51131
1.54359   -11.9826   -15.9768   -8.50938
1.54784   -11.9798   -15.9731   -8.50743
1.55209   -11.9771   -15.9694   -8.50546
1.55635   -11.9743   -15.9657   -8.50348
1.5606   -11.9715   -15.962   -8.50149
1.56485   -11.9687   -15.9582   -8.49948
1.5691   -11.9658   -15.9544   -8.49745
1.57335   -11.9629   -15.9506   -8.49542
1.57761   -11.96   -15.9467   -8.49336
1.58186   -11.9571   -15.9428   -8.4913
1.58611   -11.9542   -15.9389   -8.48922
1.59036   -11.9513   -15.935   -8.48712
1.59462   -11.9483   -15.931   -8.48501
1.59887   -11.9453   -15.9271   -8.48289
1.60312   -11.9423   -15.923   -8.48075
1.60737   -11.9393   -15.919   -8.4786
1.61163   -11.9362   -15.9149   -8.47643
1.61588   -11.9331   -15.9108   -8.47426
1.62013   -11.93   -15.9067   -8.47206
1.62438   -11.9269   -15.9026   -8.46986
1.62863   -11.9238   -15.8984   -8.46764
1.63289   -11.9207   -15.8942   -8.46541
1.63714   -11.9175   -15.89   -8.46316
1.64139   -11.9143   -15.8858   -8.4609
1.64564   -11.9111   -15.8815   -8.45863
1.6499   -11.9079   -15.8772   -8.45635
1.65415   -11.9047   -15.8729   -8.45405
1.6584   -11.9014   -15.8686   -8.45174
1.66265   -11.8982   -15.8642   -8.44941
1.66691   -11.8949   -15.8598   -8.44708
1.67116   -11.8916   -15.8554   -8.44473
1.67541   -11.8882   -15.851   -8.44237
1.67966   -11.8849   -15.8465   -8.43999
1.68391   -11.8815   -15.842   -8.43761
1.68817   -11.8781   -15.8375   -8.43521
1.69242   -11.8748   -15.833   -8.4328
1.69667   -11.8713   -15.8285   -8.43037
1.70092   -11.8679   -15.8239   -8.42794
1.70518   -11.8645   -15.8193   -8.42549
1.70943   -11.861   -15.8147   -8.42303
1.71368   -11.8575   -15.81   -8.42056
1.71793   -11.854   -15.8054   -8.41807
1.72219   -11.8505   -15.8007   -8.41558
1.72644   -11.847   -15.796   -8.41307
1.73069   -11.8434   -15.7912   -8.41055
1.73494   -11.8399   -15.7865   -8.40802
1.73919   -11.8363   -15.7817   -8.40548
1.74345   -11.8327   -15.7769   -8.40292
1.7477   -11.8291   -15.7721   -8.40036
1.75195   -11.8254   -15.7673   -8.39778
1.7562   -11.8218   -15.7624   -8.39519
1.76046   -11.8181   -15.7575   -8.39259
1.76471   -11.8145   -15.7526   -8.38998
1.76896   -11.8108   -15.7477   -8.38736
1.77321   -11.8071   -15.7427   -8.38472
1.77747   -11.8033   -15.7378   -8.38208
1.78172   -11.7996   -15.7328   -8.37943
1.78597   -11.7958   -15.7278   -8.37676
1.79022   -11.7921   -15.7228   -8.37408
1.79447   -11.7883   -15.7177   -8.37139
1.79873   -11.7845   -15.7127   -8.3687
1.80298   -11.7807   -15.7076   -8.36599
1.80723   -11.7768   -15.7025   -8.36327
1.81148   -11.773   -15.6973   -8.36054
1.81574   -11.7691   -15.6922   -8.35779
1.81999   -11.7653   -15.687   -8.35504
1.82424   -11.7614   -15.6818   -8.35228
1.82849   -11.7575   -15.6766   -8.34951
1.83275   -11.7536   -15.6714   -8.34672
1.837   -11.7496   -15.6662   -8.34393
1.84125   -11.7457   -15.6609   -8.34113
1.8455   -11.7417   -15.6556   -8.33832
1.84975   -11.7377   -15.6503   -8.33549
1.85401   -11.7337   -15.645   -8.33266
1.85826   -11.7297   -15.6397   -8.32981
1.86251   -11.7257   -15.6343   -8.32696
1.86676   -11.7217   -15.6289   -8.3241
1.87102   -11.7176   -15.6235   -8.32122
1.87527   -11.7136   -15.6181   -8.31834
1.87952   -11.7095   -15.6127   -8.31545
1.88377   -11.7054   -15.6072   -8.31255
1.88803   -11.7013   -15.6018   -8.30963
1.89228   -11.6972   -15.5963   -8.30671
1.89653   -11.6931   -15.5908   -8.30378
1.90078   -11.6889   -15.5853   -8.30084
1.90503   -11.6848   -15.5797   -8.29789
1.90929   -11.6806   -15.5742   -8.29493
1.91354   -11.6764   -15.5686   -8.29196
1.91779   -11.6722   -15.563   -8.28898
1.92204   -11.668   -15.5574   -8.286
1.9263   -11.6638   -15.5518   -8.283
1.93055   -11.6596   -15.5461   -8.27999
1.9348   -11.6553   -15.5404   -8.27698
1.93905   -11.6511   -15.5348   -8.27395
1.94331   -11.6468   -15.5291   -8.27092
1.94756   -11.6425   -15.5234   -8.26788
1.95181   -11.6382   -15.5176   -8.26483
1.95606   -11.6339   -15.5119   -8.26177
1.96031   -11.6296   -15.5061   -8.2587
1.96457   -11.6253   -15.5004   -8.25562
1.96882   -11.6209   -15.4946   -8.25253
1.97307   -11.6166   -15.4887   -8.24944
1.97732   -11.6122   -15.4829   -8.24634
1.98158   -11.6078   -15.4771   -8.24322
1.98583   -11.6034   -15.4712   -8.2401
1.99008   -11.599   -15.4653   -8.23697
1.99433   -11.5946   -15.4594   -8.23383
1.99859   -11.5902   -15.4535   -8.23069
2.00284   -11.5857   -15.4476   -8.22753
2.00709   -11.5813   -15.4417   -8.22437
2.01134   -11.5768   -15.4357   -8.2212
2.01559   -11.5723   -15.4297   -8.21802
2.01985   -11.5678   -15.4238   -8.21483
2.0241   -11.5633   -15.4178   -8.21163
2.02835   -11.5588   -15.4117   -8.20843
2.0326   -11.5543   -15.4057   -8.20522
2.03686   -11.5497   -15.3997   -8.20199
2.04111   -11.5452   -15.3936   -8.19877
2.04536   -11.5406   -15.3875   -8.19553
2.04961   -11.5361   -15.3814   -8.19228
2.05387   -11.5315   -15.3753   -8.18903
2.05812   -11.5269   -15.3692   -8.18577
2.06237   -11.5223   -15.3631   -8.1825
2.06662   -11.5177   -15.3569   -8.17922
2.07088   -11.5131   -15.3507   -8.17594
2.07513   -11.5084   -15.3446   -8.17265
2.07938   -11.5038   -15.3384   -8.16935
2.08363   -11.4991   -15.3322   -8.16604
2.08788   -11.4944   -15.3259   -8.16273
2.09214   -11.4898   -15.3197   -8.1594
2.09639   -11.4851   -15.3134   -8.15607
2.10064   -11.4804   -15.3072   -8.15273
2.10489   -11.4757   -15.3009   -8.14939
2.10915   -11.4709   -15.2946   -8.14604
2.1134   -11.4662   -15.2883   -8.14268
2.11765   -11.4615   -15.282   -8.13931
2.1219   -11.4567   -15.2756   -8.13593
2.12616   -11.452   -15.2693   -8.13255
2.13041   -11.4472   -15.2629   -8.12916
2.13466   -11.4424   -15.2565   -8.12576
2.13891   -11.4376   -15.2501   -8.12236
2.14316   -11.4328   -15.2437   -8.11895
2.14742   -11.428   -15.2373   -8.11553
2.15167   -11.4232   -15.2309   -8.1121
2.15592   -11.4183   -15.2244   -8.10867
2.16017   -11.4135   -15.218   -8.10523
2.16443   -11.4086   -15.2115   -8.10178
2.16868   -11.4038   -15.205   -8.09833
2.17293   -11.3989   -15.1985   -8.09487
2.17718   -11.394   -15.192   -8.0914
2.18144   -11.3891   -15.1855   -8.08792
2.18569   -11.3842   -15.179   -8.08444
2.18994   -11.3793   -15.1724   -8.08095
2.19419   -11.3744   -15.1658   -8.07746
2.19844   -11.3694   -15.1593   -8.07396
2.2027   -11.3645   -15.1527   -8.07045
2.20695   -11.3596   -15.1461   -8.06693
2.2112   -11.3546   -15.1395   -8.06341
2.21545   -11.3496   -15.1328   -8.05988
2.21971   -11.3446   -15.1262   -8.05634
2.22396   -11.3397   -15.1195   -8.0528
2.22821   -11.3347   -15.1129   -8.04925
2.23246   -11.3297   -15.1062   -8.0457
2.23672   -11.3246   -15.0995   -8.04214
2.24097   -11.3196   -15.0928   -8.03857
2.24522   -11.3146   -15.0861   -8.03499
2.24947   -11.3095   -15.0794   -8.03141
2.25372   -11.3045   -15.0726   -8.02782
2.25798   -11.2994   -15.0659   -8.02423
2.26223   -11.2944   -15.0591   -8.02063
2.26648   -11.2893   -15.0524   -8.01702
2.27073   -11.2842   -15.0456   -8.01341
2.27499   -11.2791   -15.0388   -8.00979
2.27924   -11.274   -15.032   -8.00616
2.28349   -11.2689   -15.0252   -8.00253
2.28774   -11.2637   -15.0183   -7.99889
2.292   -11.2586   -15.0115   -7.99525
2.29625   -11.2535   -15.0046   -7.9916
2.3005   -11.2483   -14.9978   -7.98794
2.30475   -11.2432   -14.9909   -7.98428
2.309   -11.238   -14.984   -7.98061
2.31326   -11.2328   -14.9771   -7.97694
2.31751   -11.2276   -14.9702   -7.97326
2.32176   -11.2225   -14.9633   -7.96957
2.32601   -11.2173   -14.9563   -7.96588
2.33027   -11.2121   -14.9494   -7.96218
2.33452   -11.2068   -14.9424   -7.95848
2.33877   -11.2016   -14.9355   -7.95477
2.34302   -11.1964   -14.9285   -7.95105
2.34728   -11.1911   -14.9215   -7.94733
2.35153   -11.1859   -14.9145   -7.9436
2.35578   -11.1806   -14.9075   -7.93987
2.36003   -11.1754   -14.9005   -7.93613
2.36428   -11.1701   -14.8935   -7.93238
2.36854   -11.1648   -14.8864   -7.92863
2.37279   -11.1595   -14.8794   -7.92488
2.37704   -11.1542   -14.8723   -7.92112
2.38129   -11.1489   -14.8652   -7.91735
2.38555   -11.1436   -14.8581   -7.91358
2.3898   -11.1383   -14.851   -7.9098
2.39405   -11.133   -14.8439   -7.90601
2.3983   -11.1276   -14.8368   -7.90222
2.40256   -11.1223   -14.8297   -7.89843
2.40681   -11.1169   -14.8226   -7.89463
2.41106   -11.1116   -14.8154   -7.89082
2.41531   -11.1062   -14.8083   -7.88701
2.41956   -11.1008   -14.8011   -7.88319
2.42382   -11.0954   -14.7939   -7.87937
2.42807   -11.0901   -14.7867   -7.87554
2.43232   -11.0847   -14.7795   -7.87171
2.43657   -11.0792   -14.7723   -7.86787
2.44083   -11.0738   -14.7651   -7.86403
2.44508   -11.0684   -14.7579   -7.86018
2.44933   -11.063   -14.7507   -7.85633
2.45358   -11.0576   -14.7434   -7.85247
2.45784   -11.0521   -14.7362   -7.8486
2.46209   -11.0467   -14.7289   -7.84473
2.46634   -11.0412   -14.7216   -7.84086
2.47059   -11.0357   -14.7143   -7.83698
2.47484   -11.0303   -14.707   -7.83309
2.4791   -11.0248   -14.6997   -7.8292
2.48335   -11.0193   -14.6924   -7.82531
2.4876   -11.0138   -14.6851   -7.82141
2.49185   -11.0083   -14.6778   -7.8175
2.49611   -11.0028   -14.6704   -7.81359
2.50036   -10.9973   -14.6631   -7.80968
2.50461   -10.9918   -14.6557   -7.80575
2.50886   -10.9862   -14.6483   -7.80183
2.51312   -10.9807   -14.641   -7.7979
2.51737   -10.9752   -14.6336   -7.79396
2.52162   -10.9696   -14.6262   -7.79002
2.52587   -10.9641   -14.6188   -7.78608
2.53012   -10.9585   -14.6113   -7.78213
2.53438   -10.9529   -14.6039   -7.77817
2.53863   -10.9474   -14.5965   -7.77421
2.54288   -10.9418   -14.589   -7.77025
2.54713   -10.9362   -14.5816   -7.76628
2.55139   -10.9306   -14.5741   -7.76231
2.55564   -10.925   -14.5667   -7.75833
2.55989   -10.9194   -14.5592   -7.75434
2.56414   -10.9138   -14.5517   -7.75036
2.5684   -10.9081   -14.5442   -7.74636
2.57265   -10.9025   -14.5367   -7.74237
2.5769   -10.8969   -14.5292   -7.73836
2.58115   -10.8912   -14.5217   -7.73436
2.5854   -10.8856   -14.5141   -7.73035
2.58966   -10.8799   -14.5066   -7.72633
2.59391   -10.8743   -14.499   -7.72231
2.59816   -10.8686   -14.4915   -7.71828
2.60241   -10.8629   -14.4839   -7.71425
2.60667   -10.8572   -14.4763   -7.71022
2.61092   -10.8516   -14.4687   -7.70618
2.61517   -10.8459   -14.4612   -7.70214
2.61942   -10.8402   -14.4536   -7.69809
2.62368   -10.8345   -14.446   -7.69404
2.62793   -10.8288   -14.4383   -7.68998
2.63218   -10.823   -14.4307   -7.68592
2.63643   -10.8173   -14.4231   -7.68186
2.64068   -10.8116   -14.4154   -7.67779
2.64494   -10.8058   -14.4078   -7.67371
2.64919   -10.8001   -14.4001   -7.66963
2.65344   -10.7943   -14.3925   -7.66555
2.65769   -10.7886   -14.3848   -7.66146
2.66195   -10.7828   -14.3771   -7.65737
2.6662   -10.7771   -14.3694   -7.65328
2.67045   -10.7713   -14.3617   -7.64918
2.6747   -10.7655   -14.354   -7.64507
2.67896   -10.7597   -14.3463   -7.64096
2.68321   -10.7539   -14.3386   -7.63685
2.68746   -10.7481   -14.3308   -7.63274
2.69171   -10.7423   -14.3231   -7.62861
2.69596   -10.7365   -14.3154   -7.62449
2.70022   -10.7307   -14.3076   -7.62036
2.70447   -10.7249   -14.2999   -7.61623
2.70872   -10.7191   -14.2921   -7.61209
2.71297   -10.7132   -14.2843   -7.60795
2.71723   -10.7074   -14.2765   -7.6038
2.72148   -10.7015   -14.2687   -7.59965
2.72573   -10.6957   -14.2609   -7.5955
2.72998   -10.6898   -14.2531   -7.59134
2.73424   -10.684   -14.2453   -7.58718
2.73849   -10.6781   -14.2375   -7.58301
2.74274   -10.6722   -14.2297   -7.57884
2.74699   -10.6664   -14.2218   -7.57467
2.75124   -10.6605   -14.214   -7.57049
2.7555   -10.6546   -14.2061   -7.56631
2.75975   -10.6487   -14.1983   -7.56212
2.764   -10.6428   -14.1904   -7.55793
2.76825   -10.6369   -14.1825   -7.55374
2.77251   -10.631   -14.1746   -7.54954
2.77676   -10.6251   -14.1668   -7.54534
2.78101   -10.6191   -14.1589   -7.54113
2.78526   -10.6132   -14.151   -7.53693
2.78952   -10.6073   -14.1431   -7.53271
2.79377   -10.6014   -14.1351   -7.5285
2.79802   -10.5954   -14.1272   -7.52427
2.80227   -10.5895   -14.1193   -7.52005
2.80652   -10.5835   -14.1113   -7.51582
2.81078   -10.5775   -14.1034   -7.51159
2.81503   -10.5716   -14.0954   -7.50735
2.81928   -10.5656   -14.0875   -7.50312
2.82353   -10.5596   -14.0795   -7.49887
2.82779   -10.5537   -14.0715   -7.49463
2.83204   -10.5477   -14.0636   -7.49037
2.83629   -10.5417   -14.0556   -7.48612
2.84054   -10.5357   -14.0476   -7.48186
2.8448   -10.5297   -14.0396   -7.4776
2.84905   -10.5237   -14.0316   -7.47334
2.8533   -10.5177   -14.0236   -7.46907
2.85755   -10.5116   -14.0155   -7.46479
2.8618   -10.5056   -14.0075   -7.46052
2.86606   -10.4996   -13.9995   -7.45624
2.87031   -10.4936   -13.9914   -7.45196
2.87456   -10.4875   -13.9834   -7.44767
2.87881   -10.4815   -13.9753   -7.44338
2.88307   -10.4754   -13.9673   -7.43909
2.88732   -10.4694   -13.9592   -7.43479
2.89157   -10.4633   -13.9511   -7.43049
2.89582   -10.4573   -13.943   -7.42618
2.90008   -10.4512   -13.9349   -7.42188
2.90433   -10.4451   -13.9269   -7.41756
2.90858   -10.4391   -13.9188   -7.41325
2.91283   -10.433   -13.9106   -7.40893
2.91708   -10.4269   -13.9025   -7.40461
2.92134   -10.4208   -13.8944   -7.40028
2.92559   -10.4147   -13.8863   -7.39596
2.92984   -10.4086   -13.8782   -7.39162
2.93409   -10.4025   -13.87   -7.38729
2.93835   -10.3964   -13.8619   -7.38295
2.9426   -10.3903   -13.8537   -7.37861
2.94685   -10.3842   -13.8456   -7.37426
2.9511   -10.378   -13.8374   -7.36991
2.95536   -10.3719   -13.8292   -7.36556
2.95961   -10.3658   -13.821   -7.36121
2.96386   -10.3596   -13.8129   -7.35685
2.96811   -10.3535   -13.8047   -7.35249
2.97236   -10.3474   -13.7965   -7.34812
2.97662   -10.3412   -13.7883   -7.34375
2.98087   -10.335   -13.7801   -7.33938
2.98512   -10.3289   -13.7718   -7.33501
2.98937   -10.3227   -13.7636   -7.33063
2.99363   -10.3166   -13.7554   -7.32625
2.99788   -10.3104   -13.7472   -7.32186
3.00213   -10.3042   -13.7389   -7.31747
3.00638   -10.298   -13.7307   -7.31308
3.01064   -10.2918   -13.7224   -7.30869
3.01489   -10.2856   -13.7142   -7.30429
3.01914   -10.2794   -13.7059   -7.29989
3.02339   -10.2732   -13.6977   -7.29549
3.02764   -10.267   -13.6894   -7.29108
3.0319   -10.2608   -13.6811   -7.28667
3.03615   -10.2546   -13.6728   -7.28226
3.0404   -10.2484   -13.6645   -7.27784
3.04465   -10.2422   -13.6562   -7.27342
3.04891   -10.2359   -13.6479   -7.269
3.05316   -10.2297   -13.6396   -7.26458
3.05741   -10.2235   -13.6313   -7.26015
3.06166   -10.2172   -13.623   -7.25572
3.06592   -10.211   -13.6147   -7.25128
3.07017   -10.2047   -13.6063   -7.24684
3.07442   -10.1985   -13.598   -7.2424
3.07867   -10.1922   -13.5896   -7.23796
3.08292   -10.186   -13.5813   -7.23351
3.08718   -10.1797   -13.5729   -7.22907
3.09143   -10.1734   -13.5646   -7.22461
3.09568   -10.1672   -13.5562   -7.22016
3.09993   -10.1609   -13.5478   -7.2157
3.10419   -10.1546   -13.5395   -7.21124
3.10844   -10.1483   -13.5311   -7.20677
3.11269   -10.142   -13.5227   -7.20231
3.11694   -10.1357   -13.5143   -7.19784
3.1212   -10.1294   -13.5059   -7.19336
3.12545   -10.1231   -13.4975   -7.18889
3.1297   -10.1168   -13.4891   -7.18441
3.13395   -10.1105   -13.4807   -7.17993
3.1382   -10.1042   -13.4723   -7.17544
3.14246   -10.0979   -13.4638   -7.17096
3.14671   -10.0916   -13.4554   -7.16647
3.15096   -10.0852   -13.447   -7.16197
3.15521   -10.0789   -13.4385   -7.15748
3.15947   -10.0726   -13.4301   -7.15298
3.16372   -10.0662   -13.4216   -7.14848
3.16797   -10.0599   -13.4132   -7.14398
3.17222   -10.0535   -13.4047   -7.13947
3.17648   -10.0472   -13.3962   -7.13496
3.18073   -10.0408   -13.3878   -7.13045
3.18498   -10.0345   -13.3793   -7.12593
3.18923   -10.0281   -13.3708   -7.12141
3.19348   -10.0217   -13.3623   -7.11689
3.19774   -10.0154   -13.3538   -7.11237
3.20199   -10.009   -13.3453   -7.10784
3.20624   -10.0026   -13.3368   -7.10332
3.21049   -9.99625   -13.3283   -7.09878
3.21475   -9.98986   -13.3198   -7.09425
3.219   -9.98347   -13.3113   -7.08971
3.22325   -9.97708   -13.3028   -7.08517
3.2275   -9.97069   -13.2942   -7.08063
3.23176   -9.96429   -13.2857   -7.07609
3.23601   -9.95788   -13.2772   -7.07154
3.24026   -9.95147   -13.2686   -7.06699
3.24451   -9.94506   -13.2601   -7.06244
3.24876   -9.93865   -13.2515   -7.05788
3.25302   -9.93223   -13.243   -7.05332
3.25727   -9.92581   -13.2344   -7.04876
3.26152   -9.91938   -13.2258   -7.0442
3.26577   -9.91295   -13.2173   -7.03963
3.27003   -9.90652   -13.2087   -7.03507
3.27428   -9.90009   -13.2001   -7.0305
3.27853   -9.89365   -13.1915   -7.02592
3.28278   -9.8872   -13.1829   -7.02135
3.28704   -9.88075   -13.1743   -7.01677
3.29129   -9.8743   -13.1657   -7.01219
3.29554   -9.86785   -13.1571   -7.0076
3.29979   -9.86139   -13.1485   -7.00302
3.30404   -9.85493   -13.1399   -6.99843
3.3083   -9.84847   -13.1313   -6.99384
3.31255   -9.842   -13.1227   -6.98924
3.3168   -9.83553   -13.114   -6.98465
3.32105   -9.82905   -13.1054   -6.98005
3.32531   -9.82257   -13.0968   -6.97545
3.32956   -9.81609   -13.0881   -6.97085
3.33381   -9.8096   -13.0795   -6.96624
3.33806   -9.80312   -13.0708   -6.96163
3.34232   -9.79662   -13.0622   -6.95702
3.34657   -9.79013   -13.0535   -6.95241
3.35082   -9.78363   -13.0448   -6.94779
3.35507   -9.77713   -13.0362   -6.94318
3.35932   -9.77062   -13.0275   -6.93856
3.36358   -9.76411   -13.0188   -6.93393
3.36783   -9.7576   -13.0101   -6.92931
3.37208   -9.75108   -13.0014   -6.92468
3.37633   -9.74456   -12.9927   -6.92005
3.38059   -9.73804   -12.9841   -6.91542
3.38484   -9.73151   -12.9754   -6.91078
3.38909   -9.72498   -12.9666   -6.90615
3.39334   -9.71845   -12.9579   -6.90151
3.3976   -9.71192   -12.9492   -6.89687
3.40185   -9.70538   -12.9405   -6.89222
3.4061   -9.69883   -12.9318   -6.88758
3.41035   -9.69229   -12.9231   -6.88293
3.41461   -9.68574   -12.9143   -6.87828
3.41886   -9.67919   -12.9056   -6.87363
3.42311   -9.67263   -12.8968   -6.86897
3.42736   -9.66607   -12.8881   -6.86431
3.43161   -9.65951   -12.8793   -6.85965
3.43587   -9.65295   -12.8706   -6.85499
3.44012   -9.64638   -12.8618   -6.85033
3.44437   -9.63981   -12.8531   -6.84566
3.44862   -9.63323   -12.8443   -6.84099
3.45288   -9.62666   -12.8355   -6.83632
3.45713   -9.62008   -12.8268   -6.83165
3.46138   -9.61349   -12.818   -6.82697
3.46563   -9.6069   -12.8092   -6.82229
3.46989   -9.60032   -12.8004   -6.81762
3.47414   -9.59372   -12.7916   -6.81293
3.47839   -9.58713   -12.7828   -6.80825
3.48264   -9.58053   -12.774   -6.80356
3.48689   -9.57392   -12.7652   -6.79887
3.49115   -9.56732   -12.7564   -6.79418
3.4954   -9.56071   -12.7476   -6.78949
3.49965   -9.5541   -12.7388   -6.7848
3.5039   -9.54749   -12.73   -6.7801
3.50816   -9.54087   -12.7212   -6.7754
3.51241   -9.53425   -12.7123   -6.7707
3.51666   -9.52762   -12.7035   -6.76599
3.52091   -9.521   -12.6947   -6.76129
3.52517   -9.51437   -12.6858   -6.75658
3.52942   -9.50774   -12.677   -6.75187
3.53367   -9.5011   -12.6681   -6.74716
3.53792   -9.49446   -12.6593   -6.74245
3.54217   -9.48782   -12.6504   -6.73773
3.54643   -9.48118   -12.6416   -6.73301
3.55068   -9.47453   -12.6327   -6.72829
3.55493   -9.46788   -12.6238   -6.72357
3.55918   -9.46123   -12.615   -6.71884
3.56344   -9.45457   -12.6061   -6.71412
3.56769   -9.44792   -12.5972   -6.70939
3.57194   -9.44126   -12.5883   -6.70466
3.57619   -9.43459   -12.5795   -6.69993
3.58045   -9.42792   -12.5706   -6.69519
3.5847   -9.42125   -12.5617   -6.69046
3.58895   -9.41458   -12.5528   -6.68572
3.5932   -9.40791   -12.5439   -6.68098
3.59745   -9.40123   -12.535   -6.67623
3.60171   -9.39455   -12.5261   -6.67149
3.60596   -9.38786   -12.5172   -6.66674
3.61021   -9.38118   -12.5082   -6.662
3.61446   -9.37449   -12.4993   -6.65725
3.61872   -9.3678   -12.4904   -6.65249
3.62297   -9.3611   -12.4815   -6.64774
3.62722   -9.3544   -12.4725   -6.64298
3.63147   -9.3477   -12.4636   -6.63822
3.63573   -9.341   -12.4547   -6.63346
3.63998   -9.33429   -12.4457   -6.6287
3.64423   -9.32759   -12.4368   -6.62394
3.64848   -9.32088   -12.4278   -6.61917
3.65273   -9.31416   -12.4189   -6.6144
3.65699   -9.30745   -12.4099   -6.60963
3.66124   -9.30073   -12.401   -6.60486
3.66549   -9.294   -12.392   -6.60009
3.66974   -9.28728   -12.383   -6.59531
3.674   -9.28055   -12.3741   -6.59054
3.67825   -9.27382   -12.3651   -6.58576
3.6825   -9.26709   -12.3561   -6.58098
3.68675   -9.26036   -12.3471   -6.57619
3.69101   -9.25362   -12.3382   -6.57141
3.69526   -9.24688   -12.3292   -6.56662
3.69951   -9.24014   -12.3202   -6.56184
3.70376   -9.23339   -12.3112   -6.55704
3.70801   -9.22664   -12.3022   -6.55225
3.71227   -9.21989   -12.2932   -6.54746
3.71652   -9.21314   -12.2842   -6.54266
3.72077   -9.20638   -12.2752   -6.53787
3.72502   -9.19962   -12.2662   -6.53307
3.72928   -9.19286   -12.2572   -6.52827
3.73353   -9.1861   -12.2481   -6.52346
3.73778   -9.17933   -12.2391   -6.51866
3.74203   -9.17257   -12.2301   -6.51385
3.74629   -9.1658   -12.2211   -6.50904
3.75054   -9.15902   -12.212   -6.50423
3.75479   -9.15225   -12.203   -6.49942
3.75904   -9.14547   -12.194   -6.49461
3.76329   -9.13869   -12.1849   -6.48979
3.76755   -9.13191   -12.1759   -6.48498
3.7718   -9.12512   -12.1668   -6.48016
3.77605   -9.11833   -12.1578   -6.47534
3.7803   -9.11154   -12.1487   -6.47051
3.78456   -9.10475   -12.1397   -6.46569
3.78881   -9.09795   -12.1306   -6.46087
3.79306   -9.09116   -12.1215   -6.45604
3.79731   -9.08436   -12.1125   -6.45121
3.80157   -9.07755   -12.1034   -6.44638
3.80582   -9.07075   -12.0943   -6.44155
3.81007   -9.06394   -12.0853   -6.43671
3.81432   -9.05713   -12.0762   -6.43188
3.81857   -9.05032   -12.0671   -6.42704
3.82283   -9.0435   -12.058   -6.4222
3.82708   -9.03669   -12.0489   -6.41736
3.83133   -9.02987   -12.0398   -6.41252
3.83558   -9.02305   -12.0307   -6.40767
3.83984   -9.01622   -12.0216   -6.40283
3.84409   -9.0094   -12.0125   -6.39798
3.84834   -9.00257   -12.0034   -6.39313
3.85259   -8.99574   -11.9943   -6.38828
3.85685   -8.98891   -11.9852   -6.38343
3.8611   -8.98207   -11.9761   -6.37857
3.86535   -8.97523   -11.967   -6.37372
3.8696   -8.96839   -11.9579   -6.36886
3.87385   -8.96155   -11.9487   -6.364
3.87811   -8.95471   -11.9396   -6.35914
3.88236   -8.94786   -11.9305   -6.35428
3.88661   -8.94101   -11.9213   -6.34941
3.89086   -8.93416   -11.9122   -6.34455
3.89512   -8.92731   -11.9031   -6.33968
3.89937   -8.92045   -11.8939   -6.33481
3.90362   -8.91359   -11.8848   -6.32994
3.90787   -8.90674   -11.8756   -6.32507
3.91213   -8.89987   -11.8665   -6.3202
3.91638   -8.89301   -11.8573   -6.31533
3.92063   -8.88614   -11.8482   -6.31045
3.92488   -8.87927   -11.839   -6.30557
3.92913   -8.8724   -11.8299   -6.30069
3.93339   -8.86553   -11.8207   -6.29581
3.93764   -8.85866   -11.8115   -6.29093
3.94189   -8.85178   -11.8024   -6.28605
3.94614   -8.8449   -11.7932   -6.28116
3.9504   -8.83802   -11.784   -6.27627
3.95465   -8.83113   -11.7748   -6.27138
3.9589   -8.82425   -11.7657   -6.26649
3.96315   -8.81736   -11.7565   -6.2616
3.96741   -8.81047   -11.7473   -6.25671
3.97166   -8.80358   -11.7381   -6.25182
3.97591   -8.79668   -11.7289   -6.24692
3.98016   -8.78979   -11.7197   -6.24202
3.98441   -8.78289   -11.7105   -6.23712
3.98867   -8.77599   -11.7013   -6.23222
3.99292   -8.76909   -11.6921   -6.22732
3.99717   -8.76218   -11.6829   -6.22242
4.00142   -8.75528   -11.6737   -6.21751
4.00568   -8.74837   -11.6645   -6.21261
4.00993   -8.74146   -11.6553   -6.2077
4.01418   -8.73454   -11.6461   -6.20279
4.01843   -8.72763   -11.6368   -6.19788
4.02269   -8.72071   -11.6276   -6.19297
4.02694   -8.71379   -11.6184   -6.18806
4.03119   -8.70687   -11.6092   -6.18314
4.03544   -8.69995   -11.5999   -6.17823
4.03969   -8.69303   -11.5907   -6.17331
4.04395   -8.6861   -11.5815   -6.16839
4.0482   -8.67917   -11.5722   -6.16347
4.05245   -8.67224   -11.563   -6.15855
4.0567   -8.66531   -11.5537   -6.15362
4.06096   -8.65837   -11.5445   -6.1487
4.06521   -8.65144   -11.5352   -6.14377
4.06946   -8.6445   -11.526   -6.13885
4.07371   -8.63756   -11.5167   -6.13392
4.07797   -8.63062   -11.5075   -6.12899
4.08222   -8.62367   -11.4982   -6.12406
4.08647   -8.61673   -11.489   -6.11912
4.09072   -8.60978   -11.4797   -6.11419
4.09497   -8.60283   -11.4704   -6.10925
4.09923   -8.59588   -11.4612   -6.10432
4.10348   -8.58892   -11.4519   -6.09938
4.10773   -8.58197   -11.4426   -6.09444
4.11198   -8.57501   -11.4333   -6.0895
4.11624   -8.56805   -11.4241   -6.08456
4.12049   -8.56109   -11.4148   -6.07961
4.12474   -8.55413   -11.4055   -6.07467
4.12899   -8.54716   -11.3962   -6.06972
4.13325   -8.5402   -11.3869   -6.06478
4.1375   -8.53323   -11.3776   -6.05983
4.14175   -8.52626   -11.3683   -6.05488
4.146   -8.51928   -11.359   -6.04993
4.15025   -8.51231   -11.3497   -6.04497
4.15451   -8.50533   -11.3404   -6.04002
4.15876   -8.49836   -11.3311   -6.03507
4.16301   -8.49138   -11.3218   -6.03011
4.16726   -8.4844   -11.3125   -6.02515
4.17152   -8.47741   -11.3032   -6.02019
4.17577   -8.47043   -11.2939   -6.01523
4.18002   -8.46344   -11.2846   -6.01027
4.18427   -8.45645   -11.2753   -6.00531
4.18853   -8.44946   -11.266   -6.00034
4.19278   -8.44247   -11.2566   -5.99538
4.19703   -8.43548   -11.2473   -5.99041
4.20128   -8.42848   -11.238   -5.98545
4.20553   -8.42149   -11.2287   -5.98048
4.20979   -8.41449   -11.2193   -5.97551
4.21404   -8.40749   -11.21   -5.97054
4.21829   -8.40049   -11.2006   -5.96556
4.22254   -8.39348   -11.1913   -5.96059
4.2268   -8.38648   -11.182   -5.95561
4.23105   -8.37947   -11.1726   -5.95064
4.2353   -8.37246   -11.1633   -5.94566
4.23955   -8.36545   -11.1539   -5.94068
4.24381   -8.35844   -11.1446   -5.9357
