# x_perp   Delta_GR(km/s)   Delta_f(R)(km/s)   Delta_DGP(km/s)
0.00425231   -0.916532   -1.22204   -0.650871
0.00850462   -0.99194   -1.32259   -0.704421
0.0127569   -1.05239   -1.40319   -0.74735
0.0170092   -1.10391   -1.47188   -0.783935
0.0212616   -1.14945   -1.5326   -0.816276
0.0255139   -1.19069   -1.58759   -0.845562
0.0297662   -1.22867   -1.63822   -0.872531
0.0340185   -1.26407   -1.68543   -0.897674
0.0382708   -1.30085   -1.73447   -0.923791
0.0425231   -1.33274   -1.77699   -0.94644
0.0467754   -1.36316   -1.81755   -0.968042
0.0510277   -1.39231   -1.85642   -0.988744
0.05528   -1.42036   -1.89382   -1.00866
0.0595323   -1.44744   -1.92992   -1.02789
0.0637847   -1.47366   -1.96488   -1.04651
0.068037   -1.49911   -1.99881   -1.06459
0.0722893   -1.52386   -2.03182   -1.08216
0.0765416   -1.54798   -2.06398   -1.09929
0.0807939   -1.57153   -2.09537   -1.11601
0.0850462   -1.59455   -2.12607   -1.13236
0.0892985   -1.61708   -2.15611   -1.14836
0.0935508   -1.63916   -2.18555   -1.16404
0.0978031   -1.66083   -2.21443   -1.17943
0.102055   -1.6821   -2.2428   -1.19453
0.106308   -1.70301   -2.27068   -1.20938
0.11056   -1.72358   -2.2981   -1.22399
0.114812   -1.74382   -2.3251   -1.23837
0.119065   -1.76377   -2.35169   -1.25253
0.123317   -1.78343   -2.3779   -1.26649
0.127569   -1.80281   -2.40375   -1.28026
0.131822   -1.82195   -2.42926   -1.29385
0.136074   -1.84083   -2.45444   -1.30726
0.140326   -1.85949   -2.47932   -1.32051
0.144579   -1.87792   -2.5039   -1.3336
0.148831   -1.89615   -2.52819   -1.34654
0.153083   -1.91417   -2.55222   -1.35934
0.157335   -1.93199   -2.57599   -1.372
0.161588   -1.94964   -2.59951   -1.38452
0.16584   -1.9671   -2.6228   -1.39693
0.170092   -1.98439   -2.64586   -1.40921
0.174345   -2.00152   -2.66869   -1.42137
0.178597   -2.01849   -2.69132   -1.43342
0.182849   -2.0353   -2.71374   -1.44536
0.187102   -2.05197   -2.73596   -1.4572
0.191354   -2.06849   -2.75799   -1.46893
0.195606   -2.08488   -2.77984   -1.48057
0.199859   -2.10113   -2.80151   -1.49211
0.204111   -2.11726   -2.82301   -1.50356
0.208363   -2.13325   -2.84434   -1.51492
0.212616   -2.14913   -2.86551   -1.52619
0.216868   -2.16489   -2.88652   -1.53738
0.22112   -2.18053   -2.90737   -1.54849
0.225372   -2.19606   -2.92808   -1.55952
0.229625   -2.21148   -2.94864   -1.57047
0.233877   -2.2268   -2.96907   -1.58135
0.238129   -2.24201   -2.98935   -1.59215
0.242382   -2.25713   -3.0095   -1.60289
0.246634   -2.27214   -3.02952   -1.61355
0.250886   -2.28706   -3.04941   -1.62414
0.255139   -2.30189   -3.06918   -1.63467
0.259391   -2.31662   -3.08883   -1.64514
0.263643   -2.33127   -3.10836   -1.65554
0.267896   -2.34583   -3.12777   -1.66588
0.272148   -2.3603   -3.14707   -1.67616
0.2764   -2.37469   -3.16626   -1.68638
0.280652   -2.389   -3.18534   -1.69654
0.284905   -2.40323   -3.20431   -1.70665
0.289157   -2.41739   -3.22318   -1.7167
0.293409   -2.43146   -3.24195   -1.72669
0.297662   -2.44546   -3.26062   -1.73663
0.301914   -2.45939   -3.27919   -1.74652
0.306166   -2.47325   -3.29766   -1.75636
0.310419   -2.48703   -3.31604   -1.76615
0.314671   -2.50075   -3.33433   -1.77589
0.318923   -2.51439   -3.35253   -1.78558
0.323176   -2.52797   -3.37063   -1.79523
0.327428   -2.54149   -3.38865   -1.80483
0.33168   -2.55494   -3.40659   -1.81438
0.335932   -2.56833   -3.42443   -1.82388
0.340185   -2.58165   -3.4422   -1.83335
0.344437   -2.59491   -3.45988   -1.84276
0.348689   -2.60811   -3.47748   -1.85214
0.352942   -2.62126   -3.49501   -1.86147
0.357194   -2.63434   -3.51245   -1.87076
0.361446   -2.64737   -3.52982   -1.88001
0.365699   -2.66034   -3.54712   -1.88922
0.369951   -2.67325   -3.56433   -1.8984
0.374203   -2.68611   -3.58148   -1.90753
0.378456   -2.69891   -3.59855   -1.91662
0.382708   -2.71166   -3.61555   -1.92567
0.38696   -2.72436   -3.63248   -1.93469
0.391213   -2.73701   -3.64935   -1.94367
0.395465   -2.7496   -3.66614   -1.95262
0.399717   -2.76215   -3.68286   -1.96153
0.403969   -2.77464   -3.69952   -1.9704
0.408222   -2.78709   -3.71612   -1.97924
0.412474   -2.79949   -3.73265   -1.98804
0.416726   -2.81183   -3.74911   -1.99681
0.420979   -2.82414   -3.76551   -2.00555
0.425231   -2.83639   -3.78185   -2.01425
0.429483   -2.8486   -3.79813   -2.02292
0.433736   -2.86076   -3.81435   -2.03156
0.437988   -2.87288   -3.83051   -2.04016
0.44224   -2.88495   -3.84661   -2.04874
0.446493   -2.89698   -3.86264   -2.05728
0.450745   -2.90897   -3.87863   -2.06579
0.454997   -2.92091   -3.89455   -2.07427
0.459249   -2.93281   -3.91042   -2.08272
0.463502   -2.94467   -3.92623   -2.09114
0.467754   -2.95649   -3.94199   -2.09954
0.472006   -2.96827   -3.95769   -2.1079
0.476259   -2.98   -3.97333   -2.11623
0.480511   -2.9917   -3.98893   -2.12454
0.484763   -3.00335   -4.00447   -2.13281
0.489016   -3.01497   -4.01996   -2.14106
0.493268   -3.02654   -4.03539   -2.14929
0.49752   -3.03808   -4.05078   -2.15748
0.501773   -3.04958   -4.06611   -2.16565
0.506025   -3.06105   -4.0814   -2.17379
0.510277   -3.07247   -4.09663   -2.1819
0.51453   -3.08386   -4.11181   -2.18999
0.518782   -3.09521   -4.12695   -2.19805
0.523034   -3.10653   -4.14204   -2.20608
0.527286   -3.11781   -4.15708   -2.21409
0.531539   -3.12905   -4.17207   -2.22208
0.535791   -3.14026   -4.18701   -2.23004
0.540043   -3.15143   -4.20191   -2.23797
0.544296   -3.16257   -4.21676   -2.24588
0.548548   -3.17368   -4.23157   -2.25377
0.5528   -3.18475   -4.24633   -2.26163
0.557053   -3.19578   -4.26105   -2.26947
0.561305   -3.20679   -4.27572   -2.27728
0.565557   -3.21776   -4.29034   -2.28507
0.56981   -3.2287   -4.30493   -2.29284
0.574062   -3.2396   -4.31947   -2.30059
0.578314   -3.25047   -4.33396   -2.30831
0.582566   -3.26131   -4.34842   -2.31601
0.586819   -3.27212   -4.36283   -2.32368
0.591071   -3.2829   -4.3772   -2.33134
0.595323   -3.29365   -4.39153   -2.33897
0.599576   -3.30436   -4.40582   -2.34658
0.603828   -3.31505   -4.42006   -2.35416
0.60808   -3.3257   -4.43427   -2.36173
0.612333   -3.33633   -4.44843   -2.36927
0.616585   -3.34692   -4.46256   -2.3768
0.620837   -3.35748   -4.47664   -2.3843
0.62509   -3.36802   -4.49069   -2.39178
0.629342   -3.37852   -4.5047   -2.39924
0.633594   -3.389   -4.51867   -2.40668
0.637847   -3.39945   -4.5326   -2.4141
0.642099   -3.40987   -4.54649   -2.4215
0.646351   -3.42026   -4.56034   -2.42888
0.650603   -3.43062   -4.57416   -2.43624
0.654856   -3.44095   -4.58794   -2.44357
0.659108   -3.45126   -4.60168   -2.45089
0.66336   -3.46154   -4.61538   -2.45819
0.667613   -3.47179   -4.62905   -2.46547
0.671865   -3.48201   -4.64268   -2.47273
0.676117   -3.49221   -4.65628   -2.47997
0.68037   -3.50238   -4.66984   -2.4872
0.684622   -3.51252   -4.68336   -2.4944
0.688874   -3.52264   -4.69685   -2.50158
0.693127   -3.53273   -4.71031   -2.50875
0.697379   -3.54279   -4.72373   -2.5159
0.701631   -3.55283   -4.73711   -2.52303
0.705883   -3.56285   -4.75046   -2.53014
0.710136   -3.57283   -4.76378   -2.53723
0.714388   -3.58279   -4.77706   -2.5443
0.71864   -3.59273   -4.79031   -2.55136
0.722893   -3.60264   -4.80352   -2.5584
0.727145   -3.61253   -4.81671   -2.56542
0.731397   -3.62239   -4.82985   -2.57242
0.73565   -3.63223   -4.84297   -2.57941
0.739902   -3.64204   -4.85605   -2.58638
0.744154   -3.65183   -4.8691   -2.59333
0.748407   -3.66159   -4.88212   -2.60026
0.752659   -3.67133   -4.89511   -2.60718
0.756911   -3.68105   -4.90806   -2.61408
0.761164   -3.69074   -4.92099   -2.62096
0.765416   -3.70041   -4.93388   -2.62783
0.769668   -3.71005   -4.94674   -2.63468
0.77392   -3.71968   -4.95957   -2.64151
0.778173   -3.72928   -4.97237   -2.64833
0.782425   -3.73885   -4.98513   -2.65513
0.786677   -3.7484   -4.99787   -2.66191
0.79093   -3.75793   -5.01058   -2.66868
0.795182   -3.76744   -5.02326   -2.67543
0.799434   -3.77693   -5.0359   -2.68217
0.803687   -3.78639   -5.04852   -2.68889
0.807939   -3.79583   -5.06111   -2.69559
0.812191   -3.80525   -5.07366   -2.70228
0.816444   -3.81464   -5.08619   -2.70895
0.820696   -3.82402   -5.09869   -2.71561
0.824948   -3.83337   -5.11116   -2.72225
0.8292   -3.8427   -5.1236   -2.72888
0.833453   -3.85201   -5.13602   -2.73549
0.837705   -3.8613   -5.1484   -2.74208
0.841957   -3.87057   -5.16076   -2.74866
0.84621   -3.87981   -5.17308   -2.75523
0.850462   -3.88904   -5.18538   -2.76178
0.854714   -3.89824   -5.19765   -2.76832
0.858967   -3.90742   -5.2099   -2.77484
0.863219   -3.91659   -5.22211   -2.78134
0.867471   -3.92573   -5.2343   -2.78783
0.871724   -3.93485   -5.24646   -2.79431
0.875976   -3.94395   -5.2586   -2.80077
0.880228   -3.95303   -5.2707   -2.80722
0.884481   -3.96209   -5.28278   -2.81366
0.888733   -3.97113   -5.29484   -2.82008
0.892985   -3.98015   -5.30687   -2.82648
0.897237   -3.98915   -5.31887   -2.83287
0.90149   -3.99813   -5.33084   -2.83925
0.905742   -4.00709   -5.34279   -2.84561
0.909994   -4.01603   -5.35471   -2.85196
0.914247   -4.02495   -5.3666   -2.8583
0.918499   -4.03386   -5.37847   -2.86462
0.922751   -4.04274   -5.39032   -2.87093
0.927004   -4.0516   -5.40214   -2.87722
0.931256   -4.06045   -5.41393   -2.88351
0.935508   -4.06927   -5.4257   -2.88977
0.939761   -4.07808   -5.43744   -2.89603
0.944013   -4.08687   -5.44916   -2.90227
0.948265   -4.09564   -5.46085   -2.9085
0.952517   -4.10439   -5.47252   -2.91471
0.95677   -4.11312   -5.48416   -2.92091
0.961022   -4.12183   -5.49578   -2.9271
0.965274   -4.13053   -5.50737   -2.93327
0.969527   -4.1392   -5.51894   -2.93943
0.973779   -4.14786   -5.53048   -2.94558
0.978031   -4.1565   -5.542   -2.95172
0.982284   -4.16513   -5.5535   -2.95784
0.986536   -4.17373   -5.56497   -2.96395
0.990788   -4.18232   -5.57642   -2.97005
0.995041   -4.19089   -5.58785   -2.97614
0.999293   -4.19944   -5.59925   -2.98221
1.00355   -4.20797   -5.61063   -2.98827
1.0078   -4.21649   -5.62198   -2.99432
1.01205   -4.22498   -5.63331   -3.00035
1.0163   -4.23347   -5.64462   -3.00637
1.02055   -4.24193   -5.65591   -3.01238
1.02481   -4.25038   -5.66717   -3.01838
1.02906   -4.2588   -5.67841   -3.02437
1.03331   -4.26722   -5.68962   -3.03034
1.03756   -4.27561   -5.70082   -3.0363
1.04182   -4.28399   -5.71199   -3.04225
1.04607   -4.29235   -5.72313   -3.04819
1.05032   -4.3007   -5.73426   -3.05412
1.05457   -4.30902   -5.74536   -3.06003
1.05883   -4.31733   -5.75645   -3.06593
1.06308   -4.32563   -5.7675   -3.07182
1.06733   -4.33391   -5.77854   -3.0777
1.07158   -4.34217   -5.78956   -3.08357
1.07583   -4.35041   -5.80055   -3.08942
1.08009   -4.35864   -5.81152   -3.09527
1.08434   -4.36685   -5.82247   -3.1011
1.08859   -4.37505   -5.8334   -3.10692
1.09284   -4.38323   -5.84431   -3.11273
1.0971   -4.3914   -5.85519   -3.11853
1.10135   -4.39954   -5.86606   -3.12431
1.1056   -4.40768   -5.8769   -3.13009
1.10985   -4.41579   -5.88772   -3.13585
1.11411   -4.42389   -5.89852   -3.14161
1.11836   -4.43198   -5.9093   -3.14735
1.12261   -4.44005   -5.92006   -3.15308
1.12686   -4.4481   -5.9308   -3.1588
1.13111   -4.45614   -5.94152   -3.1645
1.13537   -4.46416   -5.95222   -3.1702
1.13962   -4.47217   -5.96289   -3.17589
1.14387   -4.48016   -5.97355   -3.18156
1.14812   -4.48814   -5.98418   -3.18723
1.15238   -4.4961   -5.9948   -3.19288
1.15663   -4.50405   -6.00539   -3.19852
1.16088   -4.51198   -6.01597   -3.20416
1.16513   -4.51989   -6.02652   -3.20978
1.16939   -4.52779   -6.03706   -3.21539
1.17364   -4.53568   -6.04757   -3.22099
1.17789   -4.54355   -6.05807   -3.22658
1.18214   -4.55141   -6.06854   -3.23216
1.18639   -4.55925   -6.079   -3.23773
1.19065   -4.56708   -6.08944   -3.24329
1.1949   -4.57489   -6.09985   -3.24883
1.19915   -4.58269   -6.11025   -3.25437
1.2034   -4.59047   -6.12063   -3.2599
1.20766   -4.59824   -6.13099   -3.26542
1.21191   -4.60599   -6.14132   -3.27092
1.21616   -4.61373   -6.15164   -3.27642
1.22041   -4.62146   -6.16195   -3.28191
1.22467   -4.62917   -6.17223   -3.28738
1.22892   -4.63687   -6.18249   -3.29285
1.23317   -4.64455   -6.19273   -3.2983
1.23742   -4.65222   -6.20296   -3.30375
1.24167   -4.65987   -6.21317   -3.30919
1.24593   -4.66752   -6.22335   -3.31461
1.25018   -4.67514   -6.23352   -3.32003
1.25443   -4.68276   -6.24367   -3.32544
1.25868   -4.69035   -6.25381   -3.33083
1.26294   -4.69794   -6.26392   -3.33622
1.26719   -4.70551   -6.27402   -3.3416
1.27144   -4.71307   -6.28409   -3.34696
1.27569   -4.72061   -6.29415   -3.35232
1.27995   -4.72814   -6.30419   -3.35767
1.2842   -4.73566   -6.31422   -3.36301
1.28845   -4.74317   -6.32422   -3.36833
1.2927   -4.75066   -6.33421   -3.37365
1.29695   -4.75813   -6.34418   -3.37896
1.30121   -4.7656   -6.35413   -3.38426
1.30546   -4.77305   -6.36406   -3.38955
1.30971   -4.78048   -6.37398   -3.39484
1.31396   -4.78791   -6.38388   -3.40011
1.31822   -4.79532   -6.39376   -3.40537
1.32247   -4.80271   -6.40362   -3.41062
1.32672   -4.8101   -6.41346   -3.41587
1.33097   -4.81747   -6.42329   -3.4211
1.33523   -4.82483   -6.4331   -3.42633
1.33948   -4.83217   -6.4429   -3.43154
1.34373   -4.83951   -6.45267   -3.43675
1.34798   -4.84682   -6.46243   -3.44195
1.35223   -4.85413   -6.47218   -3.44714
1.35649   -4.86143   -6.4819   -3.45232
1.36074   -4.86871   -6.49161   -3.45749
1.36499   -4.87598   -6.5013   -3.46265
1.36924   -4.88323   -6.51097   -3.4678
1.3735   -4.89047   -6.52063   -3.47295
1.37775   -4.8977   -6.53027   -3.47808
1.382   -4.90492   -6.5399   -3.48321
1.38625   -4.91213   -6.5495   -3.48832
1.39051   -4.91932   -6.5591   -3.49343
1.39476   -4.9265   -6.56867   -3.49853
1.39901   -4.93367   -6.57823   -3.50362
1.40326   -4.94083   -6.58777   -3.5087
1.40751   -4.94797   -6.5973   -3.51378
1.41177   -4.9551   -6.6068   -3.51884
1.41602   -4.96222   -6.6163   -3.5239
1.42027   -4.96933   -6.62577   -3.52894
1.42452   -4.97643   -6.63523   -3.53398
1.42878   -4.98351   -6.64468   -3.53901
1.43303   -4.99058   -6.65411   -3.54403
1.43728   -4.99764   -6.66352   -3.54905
1.44153   -5.00469   -6.67292   -3.55405
1.44579   -5.01172   -6.6823   -3.55905
1.45004   -5.01875   -6.69166   -3.56404
1.45429   -5.02576   -6.70101   -3.56902
1.45854   -5.03276   -6.71034   -3.57399
1.46279   -5.03974   -6.71966   -3.57895
1.46705   -5.04672   -6.72896   -3.5839
1.4713   -5.05369   -6.73825   -3.58885
1.47555   -5.06064   -6.74752   -3.59379
1.4798   -5.06758   -6.75677   -3.59872
1.48406   -5.07451   -6.76601   -3.60364
1.48831   -5.08143   -6.77524   -3.60855
1.49256   -5.08834   -6.78445   -3.61346
1.49681   -5.09523   -6.79364   -3.61835
1.50107   -5.10211   -6.80282   -3.62324
1.50532   -5.10899   -6.81198   -3.62812
1.50957   -5.11585   -6.82113   -3.63299
1.51382   -5.1227   -6.83026   -3.63786
1.51807   -5.12954   -6.83938   -3.64271
1.52233   -5.13636   -6.84849   -3.64756
1.52658   -5.14318   -6.85757   -3.6524
1.53083   -5.14998   -6.86665   -3.65724
1.53508   -5.15678   -6.8757   -3.66206
1.53934   -5.16356   -6.88475   -3.66688
1.54359   -5.17033   -6.89378   -3.67169
1.54784   -5.17709   -6.90279   -3.67649
1.55209   -5.18384   -6.91179   -3.68128
1.55635   -5.19058   -6.92078   -3.68607
1.5606   -5.19731   -6.92975   -3.69084
1.56485   -5.20403   -6.9387   -3.69561
1.5691   -5.21073   -6.94764   -3.70037
1.57335   -5.21743   -6.95657   -3.70513
1.57761   -5.22411   -6.96548   -3.70988
1.58186   -5.23078   -6.97438   -3.71461
1.58611   -5.23745   -6.98326   -3.71935
1.59036   -5.2441   -6.99213   -3.72407
1.59462   -5.25074   -7.00099   -3.72879
1.59887   -5.25737   -7.00983   -3.7335
1.60312   -5.26399   -7.01865   -3.7382
1.60737   -5.2706   -7.02747   -3.74289
1.61163   -5.2772   -7.03627   -3.74758
1.61588   -5.28379   -7.04505   -3.75225
1.62013   -5.29036   -7.05382   -3.75693
1.62438   -5.29693   -7.06258   -3.76159
1.62863   -5.30349   -7.07132   -3.76625
1.63289   -5.31004   -7.08005   -3.77089
1.63714   -5.31657   -7.08876   -3.77554
1.64139   -5.3231   -7.09746   -3.78017
1.64564   -5.32961   -7.10615   -3.7848
1.6499   -5.33612   -7.11482   -3.78942
1.65415   -5.34261   -7.12348   -3.79403
1.6584   -5.3491   -7.13213   -3.79864
1.66265   -5.35557   -7.14076   -3.80323
1.66691   -5.36204   -7.14938   -3.80782
1.67116   -5.36849   -7.15799   -3.81241
1.67541   -5.37494   -7.16658   -3.81698
1.67966   -5.38137   -7.17516   -3.82155
1.68391   -5.38779   -7.18373   -3.82611
1.68817   -5.39421   -7.19228   -3.83067
1.69242   -5.40061   -7.20082   -3.83522
1.69667   -5.40701   -7.20934   -3.83976
1.70092   -5.41339   -7.21785   -3.84429
1.70518   -5.41976   -7.22635   -3.84882
1.70943   -5.42613   -7.23484   -3.85334
1.71368   -5.43248   -7.24331   -3.85785
1.71793   -5.43883   -7.25177   -3.86236
1.72219   -5.44516   -7.26022   -3.86686
1.72644   -5.45149   -7.26865   -3.87135
1.73069   -5.4578   -7.27707   -3.87583
1.73494   -5.46411   -7.28548   -3.88031
1.73919   -5.47041   -7.29387   -3.88478
1.74345   -5.47669   -7.30226   -3.88925
1.7477   -5.48297   -7.31063   -3.8937
1.75195   -5.48924   -7.31898   -3.89815
1.7562   -5.49549   -7.32733   -3.9026
1.76046   -5.50174   -7.33566   -3.90703
1.76471   -5.50798   -7.34397   -3.91146
1.76896   -5.51421   -7.35228   -3.91589
1.77321   -5.52043   -7.36057   -3.9203
1.77747   -5.52664   -7.36885   -3.92472
1.78172   -5.53284   -7.37712   -3.92912
1.78597   -5.53903   -7.38538   -3.93352
1.79022   -5.54521   -7.39362   -3.93791
1.79447   -5.55139   -7.40185   -3.94229
1.79873   -5.55755   -7.41007   -3.94667
1.80298   -5.5637   -7.41827   -3.95104
1.80723   -5.56985   -7.42646   -3.9554
1.81148   -5.57598   -7.43465   -3.95976
1.81574   -5.58211   -7.44281   -3.96411
1.81999   -5.58823   -7.45097   -3.96845
1.82424   -5.59434   -7.45911   -3.97279
1.82849   -5.60043   -7.46725   -3.97712
1.83275   -5.60652   -7.47537   -3.98144
1.837   -5.61261   -7.48347   -3.98576
1.84125   -5.61868   -7.49157   -3.99007
1.8455   -5.62474   -7.49965   -3.99438
1.84975   -5.63079   -7.50772   -3.99868
1.85401   -5.63684   -7.51578   -4.00297
1.85826   -5.64287   -7.52383   -4.00726
1.86251   -5.6489   -7.53187   -4.01154
1.86676   -5.65492   -7.53989   -4.01581
1.87102   -5.66093   -7.5479   -4.02008
1.87527   -5.66693   -7.5559   -4.02434
1.87952   -5.67292   -7.56389   -4.02859
1.88377   -5.6789   -7.57187   -4.03284
1.88803   -5.68487   -7.57983   -4.03708
1.89228   -5.69084   -7.58778   -4.04132
1.89653   -5.69679   -7.59573   -4.04555
1.90078   -5.70274   -7.60366   -4.04977
1.90503   -5.70868   -7.61157   -4.05399
1.90929   -5.71461   -7.61948   -4.0582
1.91354   -5.72053   -7.62738   -4.06241
1.91779   -5.72644   -7.63526   -4.06661
1.92204   -5.73235   -7.64313   -4.0708
1.9263   -5.73824   -7.65099   -4.07498
1.93055   -5.74413   -7.65884   -4.07916
1.9348   -5.75001   -7.66668   -4.08334
1.93905   -5.75588   -7.6745   -4.08751
1.94331   -5.76174   -7.68232   -4.09167
1.94756   -5.76759   -7.69012   -4.09583
1.95181   -5.77344   -7.69792   -4.09998
1.95606   -5.77927   -7.7057   -4.10412
1.96031   -5.7851   -7.71347   -4.10826
1.96457   -5.79092   -7.72123   -4.11239
1.96882   -5.79673   -7.72897   -4.11652
1.97307   -5.80253   -7.73671   -4.12064
1.97732   -5.80833   -7.74443   -4.12475
1.98158   -5.81411   -7.75215   -4.12886
1.98583   -5.81989   -7.75985   -4.13296
1.99008   -5.82566   -7.76754   -4.13706
1.99433   -5.83142   -7.77523   -4.14115
1.99859   -5.83717   -7.7829   -4.14524
2.00284   -5.84292   -7.79055   -4.14932
2.00709   -5.84865   -7.7982   -4.15339
2.01134   -5.85438   -7.80584   -4.15746
2.01559   -5.8601   -7.81347   -4.16152
2.01985   -5.86581   -7.82108   -4.16558
2.0241   -5.87152   -7.82869   -4.16963
2.02835   -5.87721   -7.83628   -4.17367
2.0326   -5.8829   -7.84387   -4.17771
2.03686   -5.88858   -7.85144   -4.18174
2.04111   -5.89425   -7.859   -4.18577
2.04536   -5.89991   -7.86655   -4.18979
2.04961   -5.90557   -7.87409   -4.19381
2.05387   -5.91122   -7.88162   -4.19782
2.05812   -5.91686   -7.88914   -4.20183
2.06237   -5.92249   -7.89665   -4.20582
2.06662   -5.92811   -7.90415   -4.20982
2.07088   -5.93373   -7.91164   -4.21381
2.07513   -5.93934   -7.91911   -4.21779
2.07938   -5.94494   -7.92658   -4.22177
2.08363   -5.95053   -7.93404   -4.22574
2.08788   -5.95611   -7.94148   -4.2297
2.09214   -5.96169   -7.94892   -4.23366
2.09639   -5.96726   -7.95634   -4.23762
2.10064   -5.97282   -7.96376   -4.24157
2.10489   -5.97837   -7.97116   -4.24551
2.10915   -5.98392   -7.97856   -4.24945
2.1134   -5.98946   -7.98594   -4.25338
2.11765   -5.99499   -7.99332   -4.25731
2.1219   -6.00051   -8.00068   -4.26123
2.12616   -6.00603   -8.00803   -4.26515
2.13041   -6.01153   -8.01538   -4.26906
2.13466   -6.01703   -8.02271   -4.27297
2.13891   -6.02253   -8.03003   -4.27687
2.14316   -6.02801   -8.03735   -4.28076
2.14742   -6.03349   -8.04465   -4.28465
2.15167   -6.03896   -8.05194   -4.28854
2.15592   -6.04442   -8.05923   -4.29241
2.16017   -6.04987   -8.0665   -4.29629
2.16443   -6.05532   -8.07376   -4.30016
2.16868   -6.06076   -8.08102   -4.30402
2.17293   -6.06619   -8.08826   -4.30788
2.17718   -6.07162   -8.09549   -4.31173
2.18144   -6.07704   -8.10272   -4.31558
2.18569   -6.08245   -8.10993   -4.31942
2.18994   -6.08785   -8.11713   -4.32326
2.19419   -6.09325   -8.12433   -4.32709
2.19844   -6.09863   -8.13151   -4.33091
2.2027   -6.10401   -8.13869   -4.33474
2.20695   -6.10939   -8.14585   -4.33855
2.2112   -6.11475   -8.15301   -4.34236
2.21545   -6.12011   -8.16015   -4.34617
2.21971   -6.12547   -8.16729   -4.34997
2.22396   -6.13081   -8.17441   -4.35376
2.22821   -6.13615   -8.18153   -4.35755
2.23246   -6.14148   -8.18864   -4.36134
2.23672   -6.1468   -8.19573   -4.36512
2.24097   -6.15212   -8.20282   -4.36889
2.24522   -6.15743   -8.2099   -4.37266
2.24947   -6.16273   -8.21697   -4.37643
2.25372   -6.16802   -8.22403   -4.38019
2.25798   -6.17331   -8.23108   -4.38394
2.26223   -6.17859   -8.23812   -4.38769
2.26648   -6.18386   -8.24515   -4.39144
2.27073   -6.18913   -8.25217   -4.39518
2.27499   -6.19439   -8.25918   -4.39891
2.27924   -6.19964   -8.26619   -4.40264
2.28349   -6.20489   -8.27318   -4.40637
2.28774   -6.21012   -8.28016   -4.41009
2.292   -6.21535   -8.28714   -4.4138
2.29625   -6.22058   -8.29411   -4.41751
2.3005   -6.2258   -8.30106   -4.42122
2.30475   -6.23101   -8.30801   -4.42492
2.309   -6.23621   -8.31495   -4.42861
2.31326   -6.24141   -8.32188   -4.4323
2.31751   -6.2466   -8.3288   -4.43599
2.32176   -6.25178   -8.33571   -4.43967
2.32601   -6.25696   -8.34261   -4.44335
2.33027   -6.26213   -8.3495   -4.44702
2.33452   -6.26729   -8.35638   -4.45068
2.33877   -6.27244   -8.36326   -4.45434
2.34302   -6.27759   -8.37012   -4.458
2.34728   -6.28273   -8.37698   -4.46165
2.35153   -6.28787   -8.38383   -4.4653
2.35578   -6.293   -8.39067   -4.46894
2.36003   -6.29812   -8.39749   -4.47258
2.36428   -6.30324   -8.40431   -4.47621
2.36854   -6.30834   -8.41113   -4.47984
2.37279   -6.31345   -8.41793   -4.48346
2.37704   -6.31854   -8.42472   -4.48708
2.38129   -6.32363   -8.43151   -4.49069
2.38555   -6.32871   -8.43828   -4.4943
2.3898   -6.33379   -8.44505   -4.49791
2.39405   -6.33886   -8.45181   -4.50151
2.3983   -6.34392   -8.45856   -4.5051
2.40256   -6.34898   -8.4653   -4.50869
2.40681   -6.35402   -8.47203   -4.51228
2.41106   -6.35907   -8.47876   -4.51586
2.41531   -6.3641   -8.48547   -4.51944
2.41956   -6.36913   -8.49218   -4.52301
2.42382   -6.37416   -8.49888   -4.52657
2.42807   -6.37917   -8.50556   -4.53014
2.43232   -6.38418   -8.51224   -4.5337
2.43657   -6.38919   -8.51892   -4.53725
2.44083   -6.39418   -8.52558   -4.5408
2.44508   -6.39918   -8.53223   -4.54434
2.44933   -6.40416   -8.53888   -4.54788
2.45358   -6.40914   -8.54552   -4.55142
2.45784   -6.41411   -8.55215   -4.55495
2.46209   -6.41908   -8.55877   -4.55847
2.46634   -6.42403   -8.56538   -4.562
2.47059   -6.42899   -8.57198   -4.56551
2.47484   -6.43393   -8.57858   -4.56903
2.4791   -6.43887   -8.58517   -4.57253
2.48335   -6.44381   -8.59174   -4.57604
2.4876   -6.44874   -8.59831   -4.57954
2.49185   -6.45366   -8.60488   -4.58303
2.49611   -6.45857   -8.61143   -4.58652
2.50036   -6.46348   -8.61797   -4.59001
2.50461   -6.46838   -8.62451   -4.59349
2.50886   -6.47328   -8.63104   -4.59697
2.51312   -6.47817   -8.63756   -4.60044
2.51737   -6.48305   -8.64407   -4.60391
2.52162   -6.48793   -8.65058   -4.60737
2.52587   -6.4928   -8.65707   -4.61083
2.53012   -6.49767   -8.66356   -4.61429
2.53438   -6.50253   -8.67004   -4.61774
2.53863   -6.50738   -8.67651   -4.62118
2.54288   -6.51223   -8.68297   -4.62463
2.54713   -6.51707   -8.68943   -4.62806
2.55139   -6.52191   -8.69587   -4.6315
2.55564   -6.52674   -8.70231   -4.63493
2.55989   -6.53156   -8.70874   -4.63835
2.56414   -6.53637   -8.71517   -4.64177
2.5684   -6.54119   -8.72158   -4.64519
2.57265   -6.54599   -8.72799   -4.6486
2.5769   -6.55079   -8.73439   -4.65201
2.58115   -6.55558   -8.74078   -4.65541
2.5854   -6.56037   -8.74716   -4.65881
2.58966   -6.56515   -8.75353   -4.66221
2.59391   -6.56993   -8.7599   -4.6656
2.59816   -6.57469   -8.76626   -4.66899
2.60241   -6.57946   -8.77261   -4.67237
2.60667   -6.58422   -8.77895   -4.67575
2.61092   -6.58897   -8.78529   -4.67912
2.61517   -6.59371   -8.79162   -4.68249
2.61942   -6.59845   -8.79794   -4.68586
2.62368   -6.60319   -8.80425   -4.68922
2.62793   -6.60791   -8.81055   -4.69258
2.63218   -6.61264   -8.81685   -4.69593
2.63643   -6.61735   -8.82314   -4.69928
2.64068   -6.62206   -8.82942   -4.70262
2.64494   -6.62677   -8.83569   -4.70597
2.64919   -6.63147   -8.84196   -4.7093
2.65344   -6.63616   -8.84821   -4.71263
2.65769   -6.64085   -8.85446   -4.71596
2.66195   -6.64553   -8.8607   -4.71929
2.6662   -6.6502   -8.86694   -4.72261
2.67045   -6.65487   -8.87317   -4.72593
2.6747   -6.65954   -8.87939   -4.72924
2.67896   -6.6642   -8.8856   -4.73255
2.68321   -6.66885   -8.8918   -4.73585
2.68746   -6.6735   -8.898   -4.73915
2.69171   -6.67814   -8.90419   -4.74245
2.69596   -6.68278   -8.91037   -4.74574
2.70022   -6.68741   -8.91654   -4.74903
2.70447   -6.69203   -8.92271   -4.75231
2.70872   -6.69665   -8.92887   -4.75559
2.71297   -6.70126   -8.93502   -4.75887
2.71723   -6.70587   -8.94116   -4.76214
2.72148   -6.71047   -8.9473   -4.76541
2.72573   -6.71507   -8.95343   -4.76867
2.72998   -6.71966   -8.95955   -4.77193
2.73424   -6.72425   -8.96566   -4.77519
2.73849   -6.72883   -8.97177   -4.77844
2.74274   -6.7334   -8.97787   -4.78169
2.74699   -6.73797   -8.98396   -4.78494
2.75124   -6.74254   -8.99005   -4.78818
2.7555   -6.74709   -8.99613   -4.79141
2.75975   -6.75165   -9.0022   -4.79465
2.764   -6.75619   -9.00826   -4.79788
2.76825   -6.76074   -9.01431   -4.8011
2.77251   -6.76527   -9.02036   -4.80432
2.77676   -6.7698   -9.0264   -4.80754
2.78101   -6.77433   -9.03244   -4.81076
2.78526   -6.77885   -9.03847   -4.81397
2.78952   -6.78336   -9.04448   -4.81717
2.79377   -6.78787   -9.0505   -4.82037
2.79802   -6.79238   -9.0565   -4.82357
2.80227   -6.79688   -9.0625   -4.82677
2.80652   -6.80137   -9.06849   -4.82996
2.81078   -6.80586   -9.07447   -4.83314
2.81503   -6.81034   -9.08045   -4.83633
2.81928   -6.81482   -9.08642   -4.83951
2.82353   -6.81929   -9.09238   -4.84268
2.82779   -6.82375   -9.09834   -4.84585
2.83204   -6.82822   -9.10429   -4.84902
2.83629   -6.83267   -9.11023   -4.85219
2.84054   -6.83712   -9.11616   -4.85535
2.8448   -6.84157   -9.12209   -4.8585
2.84905   -6.84601   -9.12801   -4.86166
2.8533   -6.85044   -9.13392   -4.86481
2.85755   -6.85487   -9.13983   -4.86795
2.8618   -6.8593   -9.14573   -4.87109
2.86606   -6.86372   -9.15162   -4.87423
2.87031   -6.86813   -9.15751   -4.87737
2.87456   -6.87254   -9.16338   -4.8805
2.87881   -6.87694   -9.16926   -4.88363
2.88307   -6.88134   -9.17512   -4.88675
2.88732   -6.88573   -9.18098   -4.88987
2.89157   -6.89012   -9.18683   -4.89299
2.89582   -6.89451   -9.19267   -4.8961
2.90008   -6.89888   -9.19851   -4.89921
2.90433   -6.90326   -9.20434   -4.90231
2.90858   -6.90762   -9.21017   -4.90541
2.91283   -6.91199   -9.21598   -4.90851
2.91708   -6.91634   -9.22179   -4.91161
2.92134   -6.9207   -9.2276   -4.9147
2.92559   -6.92504   -9.23339   -4.91778
2.92984   -6.92939   -9.23918   -4.92087
2.93409   -6.93372   -9.24496   -4.92395
2.93835   -6.93806   -9.25074   -4.92703
2.9426   -6.94238   -9.25651   -4.9301
2.94685   -6.94671   -9.26227   -4.93317
2.9511   -6.95102   -9.26803   -4.93623
2.95536   -6.95533   -9.27378   -4.9393
2.95961   -6.95964   -9.27952   -4.94235
2.96386   -6.96394   -9.28526   -4.94541
2.96811   -6.96824   -9.29099   -4.94846
2.97236   -6.97253   -9.29671   -4.95151
2.97662   -6.97682   -9.30243   -4.95455
2.98087   -6.9811   -9.30814   -4.9576
2.98512   -6.98538   -9.31384   -4.96063
2.98937   -6.98965   -9.31954   -4.96367
2.99363   -6.99392   -9.32523   -4.9667
2.99788   -6.99818   -9.33091   -4.96972
3.00213   -7.00244   -9.33659   -4.97275
3.00638   -7.00669   -9.34226   -4.97577
3.01064   -7.01094   -9.34792   -4.97879
3.01489   -7.01519   -9.35358   -4.9818
3.01914   -7.01942   -9.35923   -4.98481
3.02339   -7.02366   -9.36488   -4.98782
3.02764   -7.02789   -9.37052   -4.99082
3.0319   -7.03211   -9.37615   -4.99382
3.03615   -7.03633   -9.38177   -4.99681
3.0404   -7.04054   -9.38739   -4.99981
3.04465   -7.04475   -9.393   -5.0028
3.04891   -7.04896   -9.39861   -5.00578
3.05316   -7.05316   -9.40421   -5.00876
3.05741   -7.05735   -9.4098   -5.01174
3.06166   -7.06154   -9.41539   -5.01472
3.06592   -7.06573   -9.42097   -5.01769
3.07017   -7.06991   -9.42655   -5.02066
3.07442   -7.07409   -9.43212   -5.02363
3.07867   -7.07826   -9.43768   -5.02659
3.08292   -7.08242   -9.44323   -5.02955
3.08718   -7.08659   -9.44878   -5.0325
3.09143   -7.09074   -9.45432   -5.03546
3.09568   -7.0949   -9.45986   -5.0384
3.09993   -7.09904   -9.46539   -5.04135
3.10419   -7.10319   -9.47092   -5.04429
3.10844   -7.10733   -9.47643   -5.04723
3.11269   -7.11146   -9.48195   -5.05017
3.11694   -7.11559   -9.48745   -5.0531
3.1212   -7.11971   -9.49295   -5.05603
3.12545   -7.12383   -9.49845   -5.05895
3.1297   -7.12795   -9.50393   -5.06188
3.13395   -7.13206   -9.50941   -5.0648
3.1382   -7.13617   -9.51489   -5.06771
3.14246   -7.14027   -9.52036   -5.07063
3.14671   -7.14437   -9.52582   -5.07353
3.15096   -7.14846   -9.53128   -5.07644
3.15521   -7.15255   -9.53673   -5.07934
3.15947   -7.15663   -9.54217   -5.08224
3.16372   -7.16071   -9.54761   -5.08514
3.16797   -7.16478   -9.55304   -5.08803
3.17222   -7.16885   -9.55847   -5.09092
3.17648   -7.17292   -9.56389   -5.09381
3.18073   -7.17698   -9.5693   -5.09669
3.18498   -7.18103   -9.57471   -5.09957
3.18923   -7.18508   -9.58011   -5.10245
3.19348   -7.18913   -9.58551   -5.10533
3.19774   -7.19317   -9.5909   -5.1082
3.20199   -7.19721   -9.59628   -5.11106
3.20624   -7.20125   -9.60166   -5.11393
3.21049   -7.20528   -9.60703   -5.11679
3.21475   -7.2093   -9.6124   -5.11965
3.219   -7.21332   -9.61776   -5.1225
3.22325   -7.21734   -9.62312   -5.12536
3.2275   -7.22135   -9.62846   -5.1282
3.23176   -7.22536   -9.63381   -5.13105
3.23601   -7.22936   -9.63914   -5.13389
3.24026   -7.23336   -9.64448   -5.13673
3.24451   -7.23735   -9.6498   -5.13957
3.24876   -7.24134   -9.65512   -5.1424
3.25302   -7.24533   -9.66043   -5.14523
3.25727   -7.24931   -9.66574   -5.14806
3.26152   -7.25328   -9.67104   -5.15088
3.26577   -7.25725   -9.67634   -5.1537
3.27003   -7.26122   -9.68163   -5.15652
3.27428   -7.26519   -9.68691   -5.15933
3.27853   -7.26914   -9.69219   -5.16215
3.28278   -7.2731   -9.69747   -5.16495
3.28704   -7.27705   -9.70273   -5.16776
3.29129   -7.281   -9.708   -5.17056
3.29554   -7.28494   -9.71325   -5.17336
3.29979   -7.28888   -9.7185   -5.17616
3.30404   -7.29281   -9.72375   -5.17895
3.3083   -7.29674   -9.72898   -5.18174
3.31255   -7.30066   -9.73422   -5.18453
3.3168   -7.30458   -9.73944   -5.18731
3.32105   -7.3085   -9.74467   -5.19009
3.32531   -7.31241   -9.74988   -5.19287
3.32956   -7.31632   -9.75509   -5.19565
3.33381   -7.32022   -9.7603   -5.19842
3.33806   -7.32412   -9.7655   -5.20119
3.34232   -7.32802   -9.77069   -5.20395
3.34657   -7.33191   -9.77588   -5.20672
3.35082   -7.33579   -9.78106   -5.20948
3.35507   -7.33968   -9.78624   -5.21223
3.35932   -7.34356   -9.79141   -5.21499
3.36358   -7.34743   -9.79657   -5.21774
3.36783   -7.3513   -9.80173   -5.22049
3.37208   -7.35517   -9.80689   -5.22323
3.37633   -7.35903   -9.81204   -5.22598
3.38059   -7.36288   -9.81718   -5.22872
3.38484   -7.36674   -9.82232   -5.23145
3.38909   -7.37059   -9.82745   -5.23419
3.39334   -7.37443   -9.83258   -5.23692
3.3976   -7.37827   -9.8377   -5.23964
3.40185   -7.38211   -9.84281   -5.24237
3.4061   -7.38594   -9.84792   -5.24509
3.41035   -7.38977   -9.85303   -5.24781
3.41461   -7.3936   -9.85813   -5.25053
3.41886   -7.39742   -9.86322   -5.25324
3.42311   -7.40123   -9.86831   -5.25595
3.42736   -7.40505   -9.87339   -5.25866
3.43161   -7.40885   -9.87847   -5.26136
3.43587   -7.41266   -9.88354   -5.26406
3.44012   -7.41646   -9.88861   -5.26676
3.44437   -7.42026   -9.89367   -5.26946
3.44862   -7.42405   -9.89873   -5.27215
3.45288   -7.42784   -9.90378   -5.27484
3.45713   -7.43162   -9.90883   -5.27753
3.46138   -7.4354   -9.91387   -5.28021
3.46563   -7.43918   -9.9189   -5.28289
3.46989   -7.44295   -9.92393   -5.28557
3.47414   -7.44672   -9.92896   -5.28825
3.47839   -7.45048   -9.93397   -5.29092
3.48264   -7.45424   -9.93899   -5.29359
3.48689   -7.458   -9.944   -5.29626
3.49115   -7.46175   -9.949   -5.29892
3.4954   -7.4655   -9.954   -5.30159
3.49965   -7.46924   -9.95899   -5.30424
3.5039   -7.47298   -9.96398   -5.3069
3.50816   -7.47672   -9.96896   -5.30955
3.51241   -7.48045   -9.97394   -5.31221
3.51666   -7.48418   -9.97891   -5.31485
3.52091   -7.48791   -9.98387   -5.3175
3.52517   -7.49163   -9.98884   -5.32014
3.52942   -7.49534   -9.99379   -5.32278
3.53367   -7.49906   -9.99874   -5.32542
3.53792   -7.50277   -10.0037   -5.32805
3.54217   -7.50647   -10.0086   -5.33068
3.54643   -7.51017   -10.0136   -5.33331
3.55068   -7.51387   -10.0185   -5.33594
3.55493   -7.51757   -10.0234   -5.33856
3.55918   -7.52126   -10.0283   -5.34118
3.56344   -7.52494   -10.0333   -5.3438
3.56769   -7.52862   -10.0382   -5.34641
3.57194   -7.5323   -10.0431   -5.34903
3.57619   -7.53598   -10.048   -5.35164
3.58045   -7.53965   -10.0529   -5.35424
3.5847   -7.54331   -10.0578   -5.35685
3.58895   -7.54698   -10.0626   -5.35945
3.5932   -7.55064   -10.0675   -5.36205
3.59745   -7.55429   -10.0724   -5.36464
3.60171   -7.55794   -10.0773   -5.36724
3.60596   -7.56159   -10.0821   -5.36983
3.61021   -7.56524   -10.087   -5.37241
3.61446   -7.56888   -10.0918   -5.375
3.61872   -7.57251   -10.0967   -5.37758
3.62297   -7.57615   -10.1015   -5.38016
3.62722   -7.57978   -10.1064   -5.38274
3.63147   -7.5834   -10.1112   -5.38531
3.63573   -7.58702   -10.116   -5.38789
3.63998   -7.59064   -10.1209   -5.39046
3.64423   -7.59426   -10.1257   -5.39302
3.64848   -7.59787   -10.1305   -5.39559
3.65273   -7.60147   -10.1353   -5.39815
3.65699   -7.60508   -10.1401   -5.40071
3.66124   -7.60868   -10.1449   -5.40326
3.66549   -7.61227   -10.1497   -5.40582
3.66974   -7.61587   -10.1545   -5.40837
3.674   -7.61945   -10.1593   -5.41092
3.67825   -7.62304   -10.1641   -5.41346
3.6825   -7.62662   -10.1688   -5.41601
3.68675   -7.6302   -10.1736   -5.41855
3.69101   -7.63377   -10.1784   -5.42108
3.69526   -7.63734   -10.1831   -5.42362
3.69951   -7.64091   -10.1879   -5.42615
3.70376   -7.64447   -10.1926   -5.42868
3.70801   -7.64803   -10.1974   -5.43121
3.71227   -7.65159   -10.2021   -5.43374
3.71652   -7.65514   -10.2069   -5.43626
3.72077   -7.65869   -10.2116   -5.43878
3.72502   -7.66223   -10.2163   -5.4413
3.72928   -7.66577   -10.221   -5.44381
3.73353   -7.66931   -10.2257   -5.44632
3.73778   -7.67285   -10.2305   -5.44883
3.74203   -7.67638   -10.2352   -5.45134
3.74629   -7.6799   -10.2399   -5.45385
3.75054   -7.68343   -10.2446   -5.45635
3.75479   -7.68695   -10.2493   -5.45885
3.75904   -7.69046   -10.254   -5.46134
3.76329   -7.69398   -10.2586   -5.46384
3.76755   -7.69749   -10.2633   -5.46633
3.7718   -7.70099   -10.268   -5.46882
3.77605   -7.70449   -10.2727   -5.47131
3.7803   -7.70799   -10.2773   -5.47379
3.78456   -7.71149   -10.282   -5.47627
3.78881   -7.71498   -10.2866   -5.47875
3.79306   -7.71847   -10.2913   -5.48123
3.79731   -7.72195   -10.2959   -5.48371
3.80157   -7.72543   -10.3006   -5.48618
3.80582   -7.72891   -10.3052   -5.48865
3.81007   -7.73239   -10.3098   -5.49112
3.81432   -7.73586   -10.3145   -5.49358
3.81857   -7.73932   -10.3191   -5.49604
3.82283   -7.74279   -10.3237   -5.4985
3.82708   -7.74625   -10.3283   -5.50096
3.83133   -7.74971   -10.3329   -5.50341
3.83558   -7.75316   -10.3375   -5.50587
3.83984   -7.75661   -10.3421   -5.50832
3.84409   -7.76006   -10.3467   -5.51076
3.84834   -7.7635   -10.3513   -5.51321
3.85259   -7.76694   -10.3559   -5.51565
3.85685   -7.77038   -10.3605   -5.51809
3.8611   -7.77381   -10.3651   -5.52053
3.86535   -7.77724   -10.3697   -5.52297
3.8696   -7.78066   -10.3742   -5.5254
3.87385   -7.78409   -10.3788   -5.52783
3.87811   -7.78751   -10.3833   -5.53026
3.88236   -7.79092   -10.3879   -5.53268
3.88661   -7.79433   -10.3924   -5.53511
3.89086   -7.79774   -10.397   -5.53753
3.89512   -7.80115   -10.4015   -5.53995
3.89937   -7.80455   -10.4061   -5.54236
3.90362   -7.80795   -10.4106   -5.54478
3.90787   -7.81135   -10.4151   -5.54719
3.91213   -7.81474   -10.4197   -5.5496
3.91638   -7.81813   -10.4242   -5.552
3.92063   -7.82151   -10.4287   -5.55441
3.92488   -7.8249   -10.4332   -5.55681
3.92913   -7.82828   -10.4377   -5.55921
3.93339   -7.83165   -10.4422   -5.56161
3.93764   -7.83502   -10.4467   -5.564
3.94189   -7.83839   -10.4512   -5.5664
3.94614   -7.84176   -10.4557   -5.56879
3.9504   -7.84512   -10.4602   -5.57117
3.95465   -7.84848   -10.4646   -5.57356
3.9589   -7.85184   -10.4691   -5.57594
3.96315   -7.85519   -10.4736   -5.57832
3.96741   -7.85854   -10.4781   -5.5807
3.97166   -7.86189   -10.4825   -5.58308
3.97591   -7.86523   -10.487   -5.58545
3.98016   -7.86857   -10.4914   -5.58782
3.98441   -7.8719   -10.4959   -5.59019
3.98867   -7.87524   -10.5003   -5.59256
3.99292   -7.87857   -10.5048   -5.59492
3.99717   -7.88189   -10.5092   -5.59729
4.00142   -7.88522   -10.5136   -5.59965
4.00568   -7.88854   -10.5181   -5.60201
4.00993   -7.89185   -10.5225   -5.60436
4.01418   -7.89517   -10.5269   -5.60671
4.01843   -7.89848   -10.5313   -5.60906
4.02269   -7.90179   -10.5357   -5.61141
4.02694   -7.90509   -10.5401   -5.61376
4.03119   -7.90839   -10.5445   -5.6161
4.03544   -7.91169   -10.5489   -5.61845
4.03969   -7.91498   -10.5533   -5.62079
4.04395   -7.91828   -10.5577   -5.62312
4.0482   -7.92156   -10.5621   -5.62546
4.05245   -7.92485   -10.5665   -5.62779
4.0567   -7.92813   -10.5708   -5.63012
4.06096   -7.93141   -10.5752   -5.63245
4.06521   -7.93468   -10.5796   -5.63478
4.06946   -7.93796   -10.5839   -5.6371
4.07371   -7.94123   -10.5883   -5.63942
4.07797   -7.94449   -10.5927   -5.64174
4.08222   -7.94776   -10.597   -5.64406
4.08647   -7.95102   -10.6014   -5.64637
4.09072   -7.95427   -10.6057   -5.64869
4.09497   -7.95753   -10.61   -5.651
4.09923   -7.96078   -10.6144   -5.6533
4.10348   -7.96402   -10.6187   -5.65561
4.10773   -7.96727   -10.623   -5.65791
4.11198   -7.97051   -10.6273   -5.66022
4.11624   -7.97375   -10.6317   -5.66252
4.12049   -7.97698   -10.636   -5.66481
4.12474   -7.98021   -10.6403   -5.66711
4.12899   -7.98344   -10.6446   -5.6694
4.13325   -7.98667   -10.6489   -5.67169
4.1375   -7.98989   -10.6532   -5.67398
4.14175   -7.99311   -10.6575   -5.67627
4.146   -7.99633   -10.6618   -5.67855
4.15025   -7.99954   -10.6661   -5.68083
4.15451   -8.00275   -10.6703   -5.68311
4.15876   -8.00596   -10.6746   -5.68539
4.16301   -8.00916   -10.6789   -5.68767
4.16726   -8.01236   -10.6832   -5.68994
4.17152   -8.01556   -10.6874   -5.69221
4.17577   -8.01876   -10.6917   -5.69448
4.18002   -8.02195   -10.6959   -5.69675
4.18427   -8.02514   -10.7002   -5.69901
4.18853   -8.02832   -10.7044   -5.70127
4.19278   -8.03151   -10.7087   -5.70353
4.19703   -8.03469   -10.7129   -5.70579
4.20128   -8.03786   -10.7172   -5.70805
4.20553   -8.04104   -10.7214   -5.7103
4.20979   -8.04421   -10.7256   -5.71255
4.21404   -8.04738   -10.7298   -5.7148
4.21829   -8.05054   -10.7341   -5.71705
4.22254   -8.05371   -10.7383   -5.7193
4.2268   -8.05686   -10.7425   -5.72154
4.23105   -8.06002   -10.7467   -5.72378
4.2353   -8.06317   -10.7509   -5.72602
4.23955   -8.06632   -10.7551   -5.72826
4.24381   -8.06947   -10.7593   -5.73049
