M500,Delta_pop
1.099e+13   -0.316577
1.198e+13   -0.590302
1.297e+13   -0.863185
1.396e+13   -1.13437
1.495e+13   -1.40372
1.594e+13   -1.67123
1.693e+13   -1.93695
1.792e+13   -2.2009
1.891e+13   -2.46314
1.99e+13   -2.7237
2.089e+13   -2.98265
2.188e+13   -3.24001
2.287e+13   -3.49582
2.386e+13   -3.75012
2.485e+13   -4.00296
2.584e+13   -4.25435
2.683e+13   -4.50434
2.782e+13   -4.75296
2.881e+13   -5.00022
2.98e+13   -5.24617
3.079e+13   -5.49082
3.178e+13   -5.73421
3.277e+13   -5.97635
3.376e+13   -6.21727
3.475e+13   -6.45699
3.574e+13   -6.69553
3.673e+13   -6.93291
3.772e+13   -7.16915
3.871e+13   -7.40427
3.97e+13   -7.63829
4.069e+13   -7.87122
4.168e+13   -8.10309
4.267e+13   -8.33389
4.366e+13   -8.56366
4.465e+13   -8.79241
4.564e+13   -9.02014
4.663e+13   -9.24688
4.762e+13   -9.47263
4.861e+13   -9.69741
4.96e+13   -9.92123
5.059e+13   -10.1441
5.158e+13   -10.366
5.257e+13   -10.5871
5.356e+13   -10.8072
5.455e+13   -11.0264
5.554e+13   -11.2447
5.653e+13   -11.4621
5.752e+13   -11.6786
5.851e+13   -11.8943
5.95e+13   -12.1091
6.049e+13   -12.3231
6.148e+13   -12.5362
6.247e+13   -12.7485
6.346e+13   -12.96
6.445e+13   -13.1707
6.544e+13   -13.3805
6.643e+13   -13.5896
6.742e+13   -13.7978
6.841e+13   -14.0053
6.94e+13   -14.212
7.039e+13   -14.4179
7.138e+13   -14.623
7.237e+13   -14.8274
7.336e+13   -15.031
7.435e+13   -15.2339
7.534e+13   -15.436
7.633e+13   -15.6374
7.732e+13   -15.8381
7.831e+13   -16.038
7.93e+13   -16.2372
8.029e+13   -16.4357
8.128e+13   -16.6335
8.227e+13   -16.8306
8.326e+13   -17.0269
8.425e+13   -17.2226
8.524e+13   -17.4176
8.623e+13   -17.6119
8.722e+13   -17.8055
8.821e+13   -17.9984
8.92e+13   -18.1906
9.019e+13   -18.3822
9.118e+13   -18.5731
9.217e+13   -18.7633
9.316e+13   -18.9529
9.415e+13   -19.1418
9.514e+13   -19.3301
9.613e+13   -19.5177
9.712e+13   -19.7047
9.811e+13   -19.891
9.91e+13   -20.0767
1.0009e+14   -20.2618
1.0108e+14   -20.4462
1.0207e+14   -20.63
1.0306e+14   -20.8132
1.0405e+14   -20.9958
1.0504e+14   -21.1777
1.0603e+14   -21.359
1.0702e+14   -21.5397
1.0801e+14   -21.7198
1.09e+14   -21.8993
1.0999e+14   -22.0782
1.1098e+14   -22.2565
1.1197e+14   -22.4342
1.1296e+14   -22.6113
1.1395e+14   -22.7878
1.1494e+14   -22.9637
1.1593e+14   -23.1391
1.1692e+14   -23.3138
1.1791e+14   -23.488
1.189e+14   -23.6615
1.1989e+14   -23.8346
1.2088e+14   -24.007
1.2187e+14   -24.1789
1.2286e+14   -24.3502
1.2385e+14   -24.5209
1.2484e+14   -24.6911
1.2583e+14   -24.8607
1.2682e+14   -25.0297
1.2781e+14   -25.1982
1.288e+14   -25.3661
1.2979e+14   -25.5335
1.3078e+14   -25.7003
1.3177e+14   -25.8666
1.3276e+14   -26.0324
1.3375e+14   -26.1976
1.3474e+14   -26.3622
1.3573e+14   -26.5263
1.3672e+14   -26.6899
1.3771e+14   -26.853
1.387e+14   -27.0155
1.3969e+14   -27.1775
1.4068e+14   -27.3389
1.4167e+14   -27.4998
1.4266e+14   -27.6602
1.4365e+14   -27.8201
1.4464e+14   -27.9795
1.4563e+14   -28.1383
1.4662e+14   -28.2966
1.4761e+14   -28.4544
1.486e+14   -28.6117
1.4959e+14   -28.7685
1.5058e+14   -28.9248
1.5157e+14   -29.0805
1.5256e+14   -29.2358
1.5355e+14   -29.3906
1.5454e+14   -29.5448
1.5553e+14   -29.6986
1.5652e+14   -29.8518
1.5751e+14   -30.0046
1.585e+14   -30.1568
1.5949e+14   -30.3086
1.6048e+14   -30.4599
1.6147e+14   -30.6107
1.6246e+14   -30.761
1.6345e+14   -30.9108
1.6444e+14   -31.0601
1.6543e+14   -31.209
1.6642e+14   -31.3574
1.6741e+14   -31.5052
1.684e+14   -31.6526
1.6939e+14   -31.7996
1.7038e+14   -31.946
1.7137e+14   -32.092
1.7236e+14   -32.2375
1.7335e+14   -32.3826
1.7434e+14   -32.5272
1.7533e+14   -32.6713
1.7632e+14   -32.8149
1.7731e+14   -32.9581
1.783e+14   -33.1008
1.7929e+14   -33.2431
1.8028e+14   -33.3849
1.8127e+14   -33.5262
1.8226e+14   -33.6671
1.8325e+14   -33.8075
1.8424e+14   -33.9475
1.8523e+14   -34.087
1.8622e+14   -34.2261
1.8721e+14   -34.3647
1.882e+14   -34.5029
1.8919e+14   -34.6406
1.9018e+14   -34.7779
1.9117e+14   -34.9148
1.9216e+14   -35.0512
1.9315e+14   -35.1871
1.9414e+14   -35.3226
1.9513e+14   -35.4577
1.9612e+14   -35.5924
1.9711e+14   -35.7266
1.981e+14   -35.8604
1.9909e+14   -35.9937
2.0008e+14   -36.1267
2.0107e+14   -36.2592
2.0206e+14   -36.3912
2.0305e+14   -36.5229
2.0404e+14   -36.6541
2.0503e+14   -36.7849
2.0602e+14   -36.9153
2.0701e+14   -37.0452
2.08e+14   -37.1747
2.0899e+14   -37.3039
2.0998e+14   -37.4326
2.1097e+14   -37.5608
2.1196e+14   -37.6887
2.1295e+14   -37.8162
2.1394e+14   -37.9432
2.1493e+14   -38.0698
2.1592e+14   -38.1961
2.1691e+14   -38.3219
2.179e+14   -38.4473
2.1889e+14   -38.5723
2.1988e+14   -38.6969
2.2087e+14   -38.8211
2.2186e+14   -38.9449
2.2285e+14   -39.0683
2.2384e+14   -39.1913
2.2483e+14   -39.3139
2.2582e+14   -39.4361
2.2681e+14   -39.5579
2.278e+14   -39.6793
2.2879e+14   -39.8004
2.2978e+14   -39.921
2.3077e+14   -40.0413
2.3176e+14   -40.1611
2.3275e+14   -40.2806
2.3374e+14   -40.3997
2.3473e+14   -40.5184
2.3572e+14   -40.6367
2.3671e+14   -40.7546
2.377e+14   -40.8721
2.3869e+14   -40.9893
2.3968e+14   -41.1061
2.4067e+14   -41.2225
2.4166e+14   -41.3385
2.4265e+14   -41.4542
2.4364e+14   -41.5695
2.4463e+14   -41.6844
2.4562e+14   -41.7989
2.4661e+14   -41.9131
2.476e+14   -42.0269
2.4859e+14   -42.1403
2.4958e+14   -42.2534
2.5057e+14   -42.3661
2.5156e+14   -42.4784
2.5255e+14   -42.5904
2.5354e+14   -42.702
2.5453e+14   -42.8132
2.5552e+14   -42.9241
2.5651e+14   -43.0346
2.575e+14   -43.1448
2.5849e+14   -43.2546
2.5948e+14   -43.364
2.6047e+14   -43.4731
2.6146e+14   -43.5818
2.6245e+14   -43.6902
2.6344e+14   -43.7982
2.6443e+14   -43.9059
2.6542e+14   -44.0133
2.6641e+14   -44.1202
2.674e+14   -44.2269
2.6839e+14   -44.3332
2.6938e+14   -44.4391
2.7037e+14   -44.5447
2.7136e+14   -44.6499
2.7235e+14   -44.7548
2.7334e+14   -44.8594
2.7433e+14   -44.9636
2.7532e+14   -45.0675
2.7631e+14   -45.1711
2.773e+14   -45.2743
2.7829e+14   -45.3772
2.7928e+14   -45.4797
2.8027e+14   -45.5819
2.8126e+14   -45.6838
2.8225e+14   -45.7853
2.8324e+14   -45.8865
2.8423e+14   -45.9874
2.8522e+14   -46.088
2.8621e+14   -46.1882
2.872e+14   -46.2881
2.8819e+14   -46.3877
2.8918e+14   -46.4869
2.9017e+14   -46.5858
2.9116e+14   -46.6844
2.9215e+14   -46.7827
2.9314e+14   -46.8806
2.9413e+14   -46.9783
2.9512e+14   -47.0756
2.9611e+14   -47.1726
2.971e+14   -47.2693
2.9809e+14   -47.3656
2.9908e+14   -47.4617
3.0007e+14   -47.5574
3.0106e+14   -47.6528
3.0205e+14   -47.7479
3.0304e+14   -47.8427
3.0403e+14   -47.9372
3.0502e+14   -48.0314
3.0601e+14   -48.1253
3.07e+14   -48.2188
3.0799e+14   -48.3121
3.0898e+14   -48.405
3.0997e+14   -48.4977
3.1096e+14   -48.59
3.1195e+14   -48.682
3.1294e+14   -48.7738
3.1393e+14   -48.8652
3.1492e+14   -48.9563
3.1591e+14   -49.0472
3.169e+14   -49.1377
3.1789e+14   -49.2279
3.1888e+14   -49.3179
3.1987e+14   -49.4075
3.2086e+14   -49.4969
3.2185e+14   -49.5859
3.2284e+14   -49.6747
3.2383e+14   -49.7632
3.2482e+14   -49.8514
3.2581e+14   -49.9392
3.268e+14   -50.0268
3.2779e+14   -50.1142
3.2878e+14   -50.2012
3.2977e+14   -50.2879
3.3076e+14   -50.3744
3.3175e+14   -50.4605
3.3274e+14   -50.5464
3.3373e+14   -50.632
3.3472e+14   -50.7173
3.3571e+14   -50.8024
3.367e+14   -50.8871
3.3769e+14   -50.9716
3.3868e+14   -51.0558
3.3967e+14   -51.1397
3.4066e+14   -51.2234
3.4165e+14   -51.3067
3.4264e+14   -51.3898
3.4363e+14   -51.4726
3.4462e+14   -51.5552
3.4561e+14   -51.6374
3.466e+14   -51.7194
3.4759e+14   -51.8012
3.4858e+14   -51.8826
3.4957e+14   -51.9638
3.5056e+14   -52.0447
3.5155e+14   -52.1254
3.5254e+14   -52.2057
3.5353e+14   -52.2859
3.5452e+14   -52.3657
3.5551e+14   -52.4453
3.565e+14   -52.5246
3.5749e+14   -52.6037
3.5848e+14   -52.6825
3.5947e+14   -52.761
3.6046e+14   -52.8393
3.6145e+14   -52.9173
3.6244e+14   -52.995
3.6343e+14   -53.0725
3.6442e+14   -53.1497
3.6541e+14   -53.2267
3.664e+14   -53.3034
3.6739e+14   -53.3799
3.6838e+14   -53.4561
3.6937e+14   -53.5321
3.7036e+14   -53.6078
3.7135e+14   -53.6832
3.7234e+14   -53.7585
3.7333e+14   -53.8334
3.7432e+14   -53.9081
3.7531e+14   -53.9826
3.763e+14   -54.0568
3.7729e+14   -54.1307
3.7828e+14   -54.2044
3.7927e+14   -54.2779
3.8026e+14   -54.3511
3.8125e+14   -54.4241
3.8224e+14   -54.4968
3.8323e+14   -54.5693
3.8422e+14   -54.6415
3.8521e+14   -54.7136
3.862e+14   -54.7853
3.8719e+14   -54.8568
3.8818e+14   -54.9281
3.8917e+14   -54.9992
3.9016e+14   -55.07
3.9115e+14   -55.1405
3.9214e+14   -55.2109
3.9313e+14   -55.281
3.9412e+14   -55.3508
3.9511e+14   -55.4205
3.961e+14   -55.4898
3.9709e+14   -55.559
3.9808e+14   -55.6279
3.9907e+14   -55.6966
4.0006e+14   -55.7651
4.0105e+14   -55.8333
4.0204e+14   -55.9013
4.0303e+14   -55.9691
4.0402e+14   -56.0367
4.0501e+14   -56.104
4.06e+14   -56.1711
4.0699e+14   -56.2379
4.0798e+14   -56.3046
4.0897e+14   -56.371
4.0996e+14   -56.4372
4.1095e+14   -56.5032
4.1194e+14   -56.5689
4.1293e+14   -56.6345
4.1392e+14   -56.6998
4.1491e+14   -56.7648
4.159e+14   -56.8297
4.1689e+14   -56.8944
4.1788e+14   -56.9588
4.1887e+14   -57.023
4.1986e+14   -57.087
4.2085e+14   -57.1508
4.2184e+14   -57.2143
4.2283e+14   -57.2777
4.2382e+14   -57.3408
4.2481e+14   -57.4037
4.258e+14   -57.4664
4.2679e+14   -57.5289
4.2778e+14   -57.5912
4.2877e+14   -57.6533
4.2976e+14   -57.7151
4.3075e+14   -57.7768
4.3174e+14   -57.8382
4.3273e+14   -57.8994
4.3372e+14   -57.9604
4.3471e+14   -58.0213
4.357e+14   -58.0819
4.3669e+14   -58.1423
4.3768e+14   -58.2025
4.3867e+14   -58.2624
4.3966e+14   -58.3222
4.4065e+14   -58.3818
4.4164e+14   -58.4412
4.4263e+14   -58.5004
4.4362e+14   -58.5593
4.4461e+14   -58.6181
4.456e+14   -58.6767
4.4659e+14   -58.735
4.4758e+14   -58.7932
4.4857e+14   -58.8512
4.4956e+14   -58.909
4.5055e+14   -58.9665
4.5154e+14   -59.0239
4.5253e+14   -59.0811
4.5352e+14   -59.1381
4.5451e+14   -59.1949
4.555e+14   -59.2515
4.5649e+14   -59.3079
4.5748e+14   -59.3641
4.5847e+14   -59.4201
4.5946e+14   -59.4759
4.6045e+14   -59.5315
4.6144e+14   -59.587
4.6243e+14   -59.6422
4.6342e+14   -59.6973
4.6441e+14   -59.7522
4.654e+14   -59.8068
4.6639e+14   -59.8613
4.6738e+14   -59.9156
4.6837e+14   -59.9698
4.6936e+14   -60.0237
4.7035e+14   -60.0774
4.7134e+14   -60.131
4.7233e+14   -60.1844
4.7332e+14   -60.2376
4.7431e+14   -60.2906
4.753e+14   -60.3434
4.7629e+14   -60.396
4.7728e+14   -60.4485
4.7827e+14   -60.5008
4.7926e+14   -60.5528
4.8025e+14   -60.6048
4.8124e+14   -60.6565
4.8223e+14   -60.708
4.8322e+14   -60.7594
4.8421e+14   -60.8106
4.852e+14   -60.8616
4.8619e+14   -60.9125
4.8718e+14   -60.9631
4.8817e+14   -61.0136
4.8916e+14   -61.0639
4.9015e+14   -61.1141
4.9114e+14   -61.164
4.9213e+14   -61.2138
4.9312e+14   -61.2634
4.9411e+14   -61.3129
4.951e+14   -61.3622
4.9609e+14   -61.4113
4.9708e+14   -61.4602
4.9807e+14   -61.5089
4.9906e+14   -61.5575
5.0005e+14   -61.6059
5.0104e+14   -61.6542
5.0203e+14   -61.7022
5.0302e+14   -61.7502
5.0401e+14   -61.7979
5.05e+14   -61.8455
5.0599e+14   -61.8929
5.0698e+14   -61.9401
5.0797e+14   -61.9872
5.0896e+14   -62.0341
5.0995e+14   -62.0808
5.1094e+14   -62.1274
5.1193e+14   -62.1738
5.1292e+14   -62.2201
5.1391e+14   -62.2661
5.149e+14   -62.3121
5.1589e+14   -62.3578
5.1688e+14   -62.4034
5.1787e+14   -62.4489
5.1886e+14   -62.4941
5.1985e+14   -62.5393
5.2084e+14   -62.5842
5.2183e+14   -62.629
5.2282e+14   -62.6737
5.2381e+14   -62.7181
5.248e+14   -62.7625
5.2579e+14   -62.8066
5.2678e+14   -62.8506
5.2777e+14   -62.8945
5.2876e+14   -62.9382
5.2975e+14   -62.9817
5.3074e+14   -63.0251
5.3173e+14   -63.0684
5.3272e+14   -63.1114
5.3371e+14   -63.1544
5.347e+14   -63.1971
5.3569e+14   -63.2398
5.3668e+14   -63.2822
5.3767e+14   -63.3245
5.3866e+14   -63.3667
5.3965e+14   -63.4087
5.4064e+14   -63.4506
5.4163e+14   -63.4923
5.4262e+14   -63.5339
5.4361e+14   -63.5753
5.446e+14   -63.6165
5.4559e+14   -63.6577
5.4658e+14   -63.6986
5.4757e+14   -63.7395
5.4856e+14   -63.7801
5.4955e+14   -63.8207
5.5054e+14   -63.861
5.5153e+14   -63.9013
5.5252e+14   -63.9414
5.5351e+14   -63.9813
5.545e+14   -64.0211
5.5549e+14   -64.0608
5.5648e+14   -64.1003
5.5747e+14   -64.1397
5.5846e+14   -64.1789
5.5945e+14   -64.218
5.6044e+14   -64.257
5.6143e+14   -64.2958
5.6242e+14   -64.3344
5.6341e+14   -64.3729
5.644e+14   -64.4113
5.6539e+14   -64.4496
5.6638e+14   -64.4877
5.6737e+14   -64.5257
5.6836e+14   -64.5635
5.6935e+14   -64.6012
5.7034e+14   -64.6387
5.7133e+14   -64.6761
5.7232e+14   -64.7134
5.7331e+14   -64.7506
5.743e+14   -64.7876
5.7529e+14   -64.8245
5.7628e+14   -64.8612
5.7727e+14   -64.8978
5.7826e+14   -64.9343
5.7925e+14   -64.9706
5.8024e+14   -65.0068
5.8123e+14   -65.0429
5.8222e+14   -65.0788
5.8321e+14   -65.1146
5.842e+14   -65.1503
5.8519e+14   -65.1858
5.8618e+14   -65.2212
5.8717e+14   -65.2565
5.8816e+14   -65.2916
5.8915e+14   -65.3267
5.9014e+14   -65.3615
5.9113e+14   -65.3963
5.9212e+14   -65.4309
5.9311e+14   -65.4654
5.941e+14   -65.4998
5.9509e+14   -65.5341
5.9608e+14   -65.5682
5.9707e+14   -65.6022
5.9806e+14   -65.636
5.9905e+14   -65.6698
6.0004e+14   -65.7034
6.0103e+14   -65.7369
6.0202e+14   -65.7702
6.0301e+14   -65.8035
6.04e+14   -65.8366
6.0499e+14   -65.8696
6.0598e+14   -65.9024
6.0697e+14   -65.9352
6.0796e+14   -65.9678
6.0895e+14   -66.0003
6.0994e+14   -66.0327
6.1093e+14   -66.0649
6.1192e+14   -66.097
6.1291e+14   -66.1291
6.139e+14   -66.1609
6.1489e+14   -66.1927
6.1588e+14   -66.2244
6.1687e+14   -66.2559
6.1786e+14   -66.2873
6.1885e+14   -66.3186
6.1984e+14   -66.3498
6.2083e+14   -66.3808
6.2182e+14   -66.4117
6.2281e+14   -66.4426
6.238e+14   -66.4733
6.2479e+14   -66.5039
6.2578e+14   -66.5343
6.2677e+14   -66.5647
6.2776e+14   -66.5949
6.2875e+14   -66.625
6.2974e+14   -66.655
6.3073e+14   -66.6849
6.3172e+14   -66.7147
6.3271e+14   -66.7444
6.337e+14   -66.7739
6.3469e+14   -66.8033
6.3568e+14   -66.8327
6.3667e+14   -66.8619
6.3766e+14   -66.891
6.3865e+14   -66.9199
6.3964e+14   -66.9488
6.4063e+14   -66.9776
6.4162e+14   -67.0062
6.4261e+14   -67.0348
6.436e+14   -67.0632
6.4459e+14   -67.0915
6.4558e+14   -67.1197
6.4657e+14   -67.1478
6.4756e+14   -67.1758
6.4855e+14   -67.2037
6.4954e+14   -67.2314
6.5053e+14   -67.2591
6.5152e+14   -67.2867
6.5251e+14   -67.3141
6.535e+14   -67.3414
6.5449e+14   -67.3687
6.5548e+14   -67.3958
6.5647e+14   -67.4228
6.5746e+14   -67.4497
6.5845e+14   -67.4765
6.5944e+14   -67.5032
6.6043e+14   -67.5298
6.6142e+14   -67.5563
6.6241e+14   -67.5827
6.634e+14   -67.609
6.6439e+14   -67.6352
6.6538e+14   -67.6612
6.6637e+14   -67.6872
6.6736e+14   -67.7131
6.6835e+14   -67.7388
6.6934e+14   -67.7645
6.7033e+14   -67.7901
6.7132e+14   -67.8155
6.7231e+14   -67.8409
6.733e+14   -67.8661
6.7429e+14   -67.8913
6.7528e+14   -67.9163
6.7627e+14   -67.9413
6.7726e+14   -67.9662
6.7825e+14   -67.9909
6.7924e+14   -68.0156
6.8023e+14   -68.0401
6.8122e+14   -68.0646
6.8221e+14   -68.0889
6.832e+14   -68.1132
6.8419e+14   -68.1373
6.8518e+14   -68.1614
6.8617e+14   -68.1854
6.8716e+14   -68.2092
6.8815e+14   -68.233
6.8914e+14   -68.2567
6.9013e+14   -68.2803
6.9112e+14   -68.3037
6.9211e+14   -68.3271
6.931e+14   -68.3504
6.9409e+14   -68.3736
6.9508e+14   -68.3967
6.9607e+14   -68.4197
6.9706e+14   -68.4426
6.9805e+14   -68.4655
6.9904e+14   -68.4882
7.0003e+14   -68.5108
7.0102e+14   -68.5333
7.0201e+14   -68.5558
7.03e+14   -68.5781
7.0399e+14   -68.6004
7.0498e+14   -68.6226
7.0597e+14   -68.6446
7.0696e+14   -68.6666
7.0795e+14   -68.6885
7.0894e+14   -68.7103
7.0993e+14   -68.732
7.1092e+14   -68.7536
7.1191e+14   -68.7751
7.129e+14   -68.7966
7.1389e+14   -68.8179
7.1488e+14   -68.8392
7.1587e+14   -68.8604
7.1686e+14   -68.8814
7.1785e+14   -68.9024
7.1884e+14   -68.9233
7.1983e+14   -68.9441
7.2082e+14   -68.9649
7.2181e+14   -68.9855
7.228e+14   -69.006
7.2379e+14   -69.0265
7.2478e+14   -69.0469
7.2577e+14   -69.0672
7.2676e+14   -69.0874
7.2775e+14   -69.1075
7.2874e+14   -69.1275
7.2973e+14   -69.1474
7.3072e+14   -69.1673
7.3171e+14   -69.1871
7.327e+14   -69.2068
7.3369e+14   -69.2264
7.3468e+14   -69.2459
7.3567e+14   -69.2653
7.3666e+14   -69.2847
7.3765e+14   -69.3039
7.3864e+14   -69.3231
7.3963e+14   -69.3422
7.4062e+14   -69.3612
7.4161e+14   -69.3801
7.426e+14   -69.399
7.4359e+14   -69.4178
7.4458e+14   -69.4364
7.4557e+14   -69.455
7.4656e+14   -69.4736
7.4755e+14   -69.492
7.4854e+14   -69.5104
7.4953e+14   -69.5286
7.5052e+14   -69.5468
7.5151e+14   -69.5649
7.525e+14   -69.583
7.5349e+14   -69.6009
7.5448e+14   -69.6188
7.5547e+14   -69.6366
7.5646e+14   -69.6543
7.5745e+14   -69.6719
7.5844e+14   -69.6895
7.5943e+14   -69.707
7.6042e+14   -69.7244
7.6141e+14   -69.7417
7.624e+14   -69.7589
7.6339e+14   -69.7761
7.6438e+14   -69.7932
7.6537e+14   -69.8102
7.6636e+14   -69.8271
7.6735e+14   -69.844
7.6834e+14   -69.8608
7.6933e+14   -69.8775
7.7032e+14   -69.8941
7.7131e+14   -69.9106
7.723e+14   -69.9271
7.7329e+14   -69.9435
7.7428e+14   -69.9598
7.7527e+14   -69.9761
7.7626e+14   -69.9923
7.7725e+14   -70.0084
7.7824e+14   -70.0244
7.7923e+14   -70.0403
7.8022e+14   -70.0562
7.8121e+14   -70.072
7.822e+14   -70.0877
7.8319e+14   -70.1034
7.8418e+14   -70.119
7.8517e+14   -70.1345
7.8616e+14   -70.1499
7.8715e+14   -70.1653
7.8814e+14   -70.1805
7.8913e+14   -70.1958
7.9012e+14   -70.2109
7.9111e+14   -70.226
7.921e+14   -70.241
7.9309e+14   -70.2559
7.9408e+14   -70.2708
7.9507e+14   -70.2856
7.9606e+14   -70.3003
7.9705e+14   -70.3149
7.9804e+14   -70.3295
7.9903e+14   -70.344
8.0002e+14   -70.3584
8.0101e+14   -70.3728
8.02e+14   -70.3871
8.0299e+14   -70.4013
8.0398e+14   -70.4155
8.0497e+14   -70.4296
8.0596e+14   -70.4436
8.0695e+14   -70.4575
8.0794e+14   -70.4714
8.0893e+14   -70.4852
8.0992e+14   -70.499
8.1091e+14   -70.5126
8.119e+14   -70.5262
8.1289e+14   -70.5398
8.1388e+14   -70.5533
8.1487e+14   -70.5667
8.1586e+14   -70.58
8.1685e+14   -70.5933
8.1784e+14   -70.6065
8.1883e+14   -70.6196
8.1982e+14   -70.6327
8.2081e+14   -70.6457
8.218e+14   -70.6586
8.2279e+14   -70.6715
8.2378e+14   -70.6843
8.2477e+14   -70.6971
8.2576e+14   -70.7098
8.2675e+14   -70.7224
8.2774e+14   -70.7349
8.2873e+14   -70.7474
8.2972e+14   -70.7598
8.3071e+14   -70.7722
8.317e+14   -70.7845
8.3269e+14   -70.7967
8.3368e+14   -70.8089
8.3467e+14   -70.821
8.3566e+14   -70.833
8.3665e+14   -70.845
8.3764e+14   -70.8569
8.3863e+14   -70.8688
8.3962e+14   -70.8806
8.4061e+14   -70.8923
8.416e+14   -70.9039
8.4259e+14   -70.9155
8.4358e+14   -70.9271
8.4457e+14   -70.9386
8.4556e+14   -70.95
8.4655e+14   -70.9613
8.4754e+14   -70.9726
8.4853e+14   -70.9839
8.4952e+14   -70.995
8.5051e+14   -71.0061
8.515e+14   -71.0172
8.5249e+14   -71.0282
8.5348e+14   -71.0391
8.5447e+14   -71.05
8.5546e+14   -71.0608
8.5645e+14   -71.0716
8.5744e+14   -71.0822
8.5843e+14   -71.0929
8.5942e+14   -71.1035
8.6041e+14   -71.114
8.614e+14   -71.1244
8.6239e+14   -71.1348
8.6338e+14   -71.1452
8.6437e+14   -71.1554
8.6536e+14   -71.1657
8.6635e+14   -71.1758
8.6734e+14   -71.1859
8.6833e+14   -71.196
8.6932e+14   -71.206
8.7031e+14   -71.2159
8.713e+14   -71.2258
8.7229e+14   -71.2356
8.7328e+14   -71.2454
8.7427e+14   -71.2551
8.7526e+14   -71.2647
8.7625e+14   -71.2743
8.7724e+14   -71.2839
8.7823e+14   -71.2933
8.7922e+14   -71.3028
8.8021e+14   -71.3121
8.812e+14   -71.3215
8.8219e+14   -71.3307
8.8318e+14   -71.3399
8.8417e+14   -71.3491
8.8516e+14   -71.3582
8.8615e+14   -71.3672
8.8714e+14   -71.3762
8.8813e+14   -71.3851
8.8912e+14   -71.394
8.9011e+14   -71.4028
8.911e+14   -71.4116
8.9209e+14   -71.4203
8.9308e+14   -71.429
8.9407e+14   -71.4376
8.9506e+14   -71.4461
8.9605e+14   -71.4546
8.9704e+14   -71.4631
8.9803e+14   -71.4715
8.9902e+14   -71.4798
9.0001e+14   -71.4881
9.01e+14   -71.4963
9.0199e+14   -71.5045
9.0298e+14   -71.5126
9.0397e+14   -71.5207
9.0496e+14   -71.5287
9.0595e+14   -71.5367
9.0694e+14   -71.5446
9.0793e+14   -71.5525
9.0892e+14   -71.5603
9.0991e+14   -71.5681
9.109e+14   -71.5758
9.1189e+14   -71.5835
9.1288e+14   -71.5911
9.1387e+14   -71.5987
9.1486e+14   -71.6062
9.1585e+14   -71.6136
9.1684e+14   -71.6211
9.1783e+14   -71.6284
9.1882e+14   -71.6357
9.1981e+14   -71.643
9.208e+14   -71.6502
9.2179e+14   -71.6574
9.2278e+14   -71.6645
9.2377e+14   -71.6716
9.2476e+14   -71.6786
9.2575e+14   -71.6856
9.2674e+14   -71.6925
9.2773e+14   -71.6994
9.2872e+14   -71.7062
9.2971e+14   -71.713
9.307e+14   -71.7197
9.3169e+14   -71.7264
9.3268e+14   -71.733
9.3367e+14   -71.7396
9.3466e+14   -71.7461
9.3565e+14   -71.7526
9.3664e+14   -71.759
9.3763e+14   -71.7654
9.3862e+14   -71.7718
9.3961e+14   -71.7781
9.406e+14   -71.7843
9.4159e+14   -71.7905
9.4258e+14   -71.7967
9.4357e+14   -71.8028
9.4456e+14   -71.8089
9.4555e+14   -71.8149
9.4654e+14   -71.8208
9.4753e+14   -71.8268
9.4852e+14   -71.8326
9.4951e+14   -71.8385
9.505e+14   -71.8443
9.5149e+14   -71.85
9.5248e+14   -71.8557
9.5347e+14   -71.8614
9.5446e+14   -71.867
9.5545e+14   -71.8725
9.5644e+14   -71.8781
9.5743e+14   -71.8835
9.5842e+14   -71.889
9.5941e+14   -71.8943
9.604e+14   -71.8997
9.6139e+14   -71.905
9.6238e+14   -71.9102
9.6337e+14   -71.9154
9.6436e+14   -71.9206
9.6535e+14   -71.9257
9.6634e+14   -71.9308
9.6733e+14   -71.9358
9.6832e+14   -71.9408
9.6931e+14   -71.9457
9.703e+14   -71.9506
9.7129e+14   -71.9555
9.7228e+14   -71.9603
9.7327e+14   -71.9651
9.7426e+14   -71.9698
9.7525e+14   -71.9745
9.7624e+14   -71.9792
9.7723e+14   -71.9838
9.7822e+14   -71.9883
9.7921e+14   -71.9928
9.802e+14   -71.9973
9.8119e+14   -72.0017
9.8218e+14   -72.0061
9.8317e+14   -72.0105
9.8416e+14   -72.0148
9.8515e+14   -72.0191
9.8614e+14   -72.0233
9.8713e+14   -72.0275
9.8812e+14   -72.0316
9.8911e+14   -72.0357
9.901e+14   -72.0398
9.9109e+14   -72.0438
9.9208e+14   -72.0478
9.9307e+14   -72.0517
9.9406e+14   -72.0556
9.9505e+14   -72.0595
9.9604e+14   -72.0633
9.9703e+14   -72.0671
9.9802e+14   -72.0708
9.9901e+14   0
