0.00425231   -0.381784   -0.509045   -0.252144
0.00850462   -0.431805   -0.57574   -0.287727
0.0127569   -0.468753   -0.625004   -0.314451
0.0170092   -0.499417   -0.66589   -0.336893
0.0212616   -0.526264   -0.701685   -0.356661
0.0255139   -0.5505   -0.734   -0.374648
0.0297662   -0.572817   -0.763757   -0.391326
0.0340185   -0.593653   -0.791537   -0.407013
0.0382708   -0.613179   -0.817572   -0.421817
0.0425231   -0.631851   -0.842468   -0.436038
0.0467754   -0.649705   -0.866273   -0.449636
0.0510277   -0.666858   -0.889145   -0.462811
0.05528   -0.683406   -0.911208   -0.475572
0.0595323   -0.699421   -0.932562   -0.487902
0.0637847   -0.714965   -0.953287   -0.499952
0.068037   -0.730088   -0.97345   -0.511664
0.0722893   -0.74483   -0.993107   -0.523152
0.0765416   -0.759229   -1.0123   -0.534361
0.0807939   -0.773313   -1.03108   -0.545385
0.0850462   -0.787108   -1.04948   -0.556174
0.0892985   -0.800639   -1.06752   -0.566776
0.0935508   -0.813923   -1.08523   -0.577236
0.0978031   -0.826978   -1.10264   -0.587505
0.102055   -0.839821   -1.11976   -0.597649
0.106308   -0.852464   -1.13662   -0.607627
0.11056   -0.86492   -1.15323   -0.617494
0.114812   -0.877199   -1.1696   -0.627215
0.119065   -0.889313   -1.18575   -0.636835
0.123317   -0.901269   -1.20169   -0.646326
0.127569   -0.913076   -1.21743   -0.655725
0.131822   -0.924741   -1.23299   -0.665009
0.136074   -0.936271   -1.24836   -0.674208
0.140326   -0.947673   -1.26356   -0.683304
0.144579   -0.958953   -1.2786   -0.692311
0.148831   -0.970114   -1.29349   -0.701243
0.153083   -0.981164   -1.30822   -0.710085
0.157335   -0.992105   -1.32281   -0.718856
0.161588   -1.00294   -1.33726   -0.727545
0.16584   -1.01368   -1.35157   -0.736168
0.170092   -1.02432   -1.36576   -0.744714
0.174345   -1.03487   -1.37983   -0.753199
0.178597   -1.04533   -1.39377   -0.761613
0.182849   -1.0557   -1.40761   -0.769969
0.187102   -1.06599   -1.42132   -0.778259
0.191354   -1.0762   -1.43494   -0.78649
0.195606   -1.08633   -1.44844   -0.794668
0.199859   -1.09639   -1.46185   -0.802786
0.204111   -1.10637   -1.47516   -0.810852
0.208363   -1.11628   -1.48837   -0.818863
0.212616   -1.12612   -1.50149   -0.826825
0.216868   -1.13589   -1.51452   -0.834735
0.22112   -1.14559   -1.52746   -0.842598
0.225372   -1.15523   -1.54031   -0.850412
0.229625   -1.16481   -1.55308   -0.85818
0.233877   -1.17433   -1.56577   -0.865902
0.238129   -1.18379   -1.57838   -0.873581
0.242382   -1.19319   -1.59092   -0.881215
0.246634   -1.20253   -1.60337   -0.888809
0.250886   -1.21182   -1.61576   -0.896359
0.255139   -1.22105   -1.62807   -0.90387
0.259391   -1.23023   -1.64031   -0.911341
0.263643   -1.23936   -1.65248   -0.918773
0.267896   -1.24844   -1.66458   -0.926166
0.272148   -1.25746   -1.67662   -0.933523
0.2764   -1.26644   -1.68859   -0.940843
0.280652   -1.27537   -1.7005   -0.948126
0.284905   -1.28426   -1.71234   -0.955374
0.289157   -1.2931   -1.72413   -0.962588
0.293409   -1.30189   -1.73585   -0.969767
0.297662   -1.31064   -1.74752   -0.976913
0.301914   -1.31934   -1.75912   -0.984026
0.306166   -1.328   -1.77067   -0.991106
0.310419   -1.33662   -1.78216   -0.998154
0.314671   -1.3452   -1.7936   -1.00517
0.318923   -1.35374   -1.80499   -1.01216
0.323176   -1.36224   -1.81632   -1.01911
0.327428   -1.3707   -1.82759   -1.02604
0.33168   -1.37912   -1.83882   -1.03294
0.335932   -1.3875   -1.85   -1.0398
0.340185   -1.39584   -1.86112   -1.04664
0.344437   -1.40415   -1.8722   -1.05345
0.348689   -1.41242   -1.88322   -1.06023
0.352942   -1.42065   -1.8942   -1.06699
0.357194   -1.42885   -1.90514   -1.07372
0.361446   -1.43702   -1.91602   -1.08042
0.365699   -1.44515   -1.92686   -1.08709
0.369951   -1.45324   -1.93766   -1.09374
0.374203   -1.46131   -1.94841   -1.10037
0.378456   -1.46934   -1.95912   -1.10696
0.382708   -1.47733   -1.96978   -1.11354
0.38696   -1.4853   -1.9804   -1.12009
0.391213   -1.49323   -1.99098   -1.12661
0.395465   -1.50114   -2.00151   -1.13311
0.399717   -1.50901   -2.01201   -1.13958
0.403969   -1.51685   -2.02246   -1.14604
0.408222   -1.52466   -2.03288   -1.15246
0.412474   -1.53244   -2.04325   -1.15887
0.416726   -1.54019   -2.05359   -1.16525
0.420979   -1.54791   -2.06389   -1.17161
0.425231   -1.55561   -2.07414   -1.17795
0.429483   -1.56327   -2.08436   -1.18427
0.433736   -1.57091   -2.09455   -1.19056
0.437988   -1.57852   -2.10469   -1.19684
0.44224   -1.5861   -2.1148   -1.20309
0.446493   -1.59366   -2.12488   -1.20932
0.450745   -1.60119   -2.13491   -1.21553
0.454997   -1.60869   -2.14492   -1.22171
0.459249   -1.61616   -2.15488   -1.22788
0.463502   -1.62361   -2.16481   -1.23403
0.467754   -1.63103   -2.17471   -1.24016
0.472006   -1.63843   -2.18458   -1.24627
0.476259   -1.64581   -2.19441   -1.25235
0.480511   -1.65315   -2.2042   -1.25842
0.484763   -1.66048   -2.21397   -1.26447
0.489016   -1.66777   -2.2237   -1.2705
0.493268   -1.67505   -2.2334   -1.27651
0.49752   -1.6823   -2.24307   -1.28251
0.501773   -1.68953   -2.2527   -1.28848
0.506025   -1.69673   -2.26231   -1.29444
0.510277   -1.70391   -2.27188   -1.30037
0.51453   -1.71107   -2.28142   -1.30629
0.518782   -1.7182   -2.29093   -1.31219
0.523034   -1.72531   -2.30041   -1.31807
0.527286   -1.7324   -2.30987   -1.32394
0.531539   -1.73946   -2.31929   -1.32979
0.535791   -1.74651   -2.32868   -1.33562
0.540043   -1.75353   -2.33804   -1.34143
0.544296   -1.76053   -2.34738   -1.34723
0.548548   -1.76751   -2.35668   -1.35301
0.5528   -1.77447   -2.36596   -1.35877
0.557053   -1.7814   -2.37521   -1.36451
0.561305   -1.78832   -2.38443   -1.37024
0.565557   -1.79521   -2.39362   -1.37596
0.56981   -1.80209   -2.40279   -1.38165
0.574062   -1.80894   -2.41192   -1.38733
0.578314   -1.81578   -2.42103   -1.393
0.582566   -1.82259   -2.43012   -1.39864
0.586819   -1.82938   -2.43918   -1.40428
0.591071   -1.83615   -2.44821   -1.40989
0.595323   -1.84291   -2.45721   -1.41549
0.599576   -1.84964   -2.46619   -1.42108
0.603828   -1.85636   -2.47514   -1.42665
0.60808   -1.86305   -2.48407   -1.43221
0.612333   -1.86973   -2.49297   -1.43775
0.616585   -1.87639   -2.50185   -1.44327
0.620837   -1.88303   -2.5107   -1.44878
0.62509   -1.88965   -2.51953   -1.45428
0.629342   -1.89625   -2.52833   -1.45976
0.633594   -1.90283   -2.53711   -1.46522
0.637847   -1.90939   -2.54586   -1.47067
0.642099   -1.91594   -2.55459   -1.47611
0.646351   -1.92247   -2.56329   -1.48153
0.650603   -1.92898   -2.57197   -1.48694
0.654856   -1.93547   -2.58063   -1.49233
0.659108   -1.94195   -2.58927   -1.49771
0.66336   -1.94841   -2.59788   -1.50307
0.667613   -1.95485   -2.60647   -1.50842
0.671865   -1.96127   -2.61503   -1.51376
0.676117   -1.96768   -2.62357   -1.51908
0.68037   -1.97407   -2.63209   -1.52439
0.684622   -1.98044   -2.64059   -1.52969
0.688874   -1.9868   -2.64906   -1.53497
0.693127   -1.99314   -2.65751   -1.54024
0.697379   -1.99946   -2.66594   -1.5455
0.701631   -2.00576   -2.67435   -1.55074
0.705883   -2.01205   -2.68274   -1.55597
0.710136   -2.01833   -2.6911   -1.56119
0.714388   -2.02458   -2.69944   -1.56639
0.71864   -2.03083   -2.70777   -1.57158
0.722893   -2.03705   -2.71607   -1.57675
0.727145   -2.04326   -2.72435   -1.58192
0.731397   -2.04945   -2.7326   -1.58707
0.73565   -2.05563   -2.74084   -1.59221
0.739902   -2.06179   -2.74906   -1.59733
0.744154   -2.06794   -2.75725   -1.60245
0.748407   -2.07407   -2.76543   -1.60755
0.752659   -2.08019   -2.77358   -1.61264
0.756911   -2.08629   -2.78172   -1.61771
0.761164   -2.09238   -2.78983   -1.62278
0.765416   -2.09845   -2.79793   -1.62783
0.769668   -2.1045   -2.80601   -1.63287
0.77392   -2.11055   -2.81406   -1.6379
0.778173   -2.11657   -2.8221   -1.64292
0.782425   -2.12258   -2.83011   -1.64792
0.786677   -2.12858   -2.83811   -1.65291
0.79093   -2.13457   -2.84609   -1.65789
0.795182   -2.14053   -2.85405   -1.66286
0.799434   -2.14649   -2.86198   -1.66782
0.803687   -2.15243   -2.8699   -1.67276
0.807939   -2.15835   -2.87781   -1.6777
0.812191   -2.16427   -2.88569   -1.68262
0.816444   -2.17016   -2.89355   -1.68753
0.820696   -2.17605   -2.9014   -1.69243
0.824948   -2.18192   -2.90923   -1.69732
0.8292   -2.18778   -2.91703   -1.7022
0.833453   -2.19362   -2.92482   -1.70707
0.837705   -2.19945   -2.9326   -1.71192
0.841957   -2.20526   -2.94035   -1.71677
0.84621   -2.21107   -2.94809   -1.7216
0.850462   -2.21685   -2.95581   -1.72643
0.854714   -2.22263   -2.96351   -1.73124
0.858967   -2.22839   -2.97119   -1.73604
0.863219   -2.23414   -2.97886   -1.74083
0.867471   -2.23988   -2.9865   -1.74561
0.871724   -2.2456   -2.99414   -1.75038
0.875976   -2.25131   -3.00175   -1.75514
0.880228   -2.25701   -3.00934   -1.75989
0.884481   -2.26269   -3.01692   -1.76462
0.888733   -2.26836   -3.02449   -1.76935
0.892985   -2.27402   -3.03203   -1.77407
0.897237   -2.27967   -3.03956   -1.77877
0.90149   -2.2853   -3.04707   -1.78347
0.905742   -2.29093   -3.05457   -1.78816
0.909994   -2.29653   -3.06205   -1.79284
0.914247   -2.30213   -3.06951   -1.7975
0.918499   -2.30771   -3.07695   -1.80216
0.922751   -2.31329   -3.08438   -1.80681
0.927004   -2.31885   -3.09179   -1.81144
0.931256   -2.32439   -3.09919   -1.81607
0.935508   -2.32993   -3.10657   -1.82069
0.939761   -2.33545   -3.11394   -1.8253
0.944013   -2.34096   -3.12129   -1.82989
0.948265   -2.34646   -3.12862   -1.83448
0.952517   -2.35195   -3.13594   -1.83906
0.95677   -2.35743   -3.14324   -1.84363
0.961022   -2.36289   -3.15052   -1.84818
0.965274   -2.36834   -3.15779   -1.85273
0.969527   -2.37379   -3.16505   -1.85727
0.973779   -2.37921   -3.17229   -1.8618
0.978031   -2.38463   -3.17951   -1.86632
0.982284   -2.39004   -3.18672   -1.87084
0.986536   -2.39543   -3.19391   -1.87534
0.990788   -2.40082   -3.20109   -1.87983
0.995041   -2.40619   -3.20825   -1.88432
0.999293   -2.41155   -3.2154   -1.88879
1.00355   -2.4169   -3.22254   -1.89326
1.0078   -2.42224   -3.22965   -1.89771
1.01205   -2.42757   -3.23676   -1.90216
1.0163   -2.43289   -3.24385   -1.9066
1.02055   -2.43819   -3.25092   -1.91103
1.02481   -2.44349   -3.25798   -1.91545
1.02906   -2.44877   -3.26503   -1.91987
1.03331   -2.45404   -3.27206   -1.92427
1.03756   -2.45931   -3.27907   -1.92866
1.04182   -2.46456   -3.28608   -1.93305
1.04607   -2.4698   -3.29306   -1.93742
1.05032   -2.47503   -3.30004   -1.94179
1.05457   -2.48025   -3.307   -1.94615
1.05883   -2.48546   -3.31394   -1.9505
1.06308   -2.49066   -3.32087   -1.95485
1.06733   -2.49584   -3.32779   -1.95918
1.07158   -2.50102   -3.33469   -1.96351
1.07583   -2.50619   -3.34158   -1.96782
1.08009   -2.51135   -3.34846   -1.97213
1.08434   -2.51649   -3.35532   -1.97643
1.08859   -2.52163   -3.36217   -1.98073
1.09284   -2.52675   -3.36901   -1.98501
1.0971   -2.53187   -3.37583   -1.98929
1.10135   -2.53698   -3.38264   -1.99355
1.1056   -2.54207   -3.38943   -1.99781
1.10985   -2.54716   -3.39621   -2.00206
1.11411   -2.55224   -3.40298   -2.00631
1.11836   -2.5573   -3.40973   -2.01054
1.12261   -2.56236   -3.41648   -2.01477
1.12686   -2.5674   -3.4232   -2.01899
1.13111   -2.57244   -3.42992   -2.0232
1.13537   -2.57747   -3.43662   -2.0274
1.13962   -2.58248   -3.44331   -2.03159
1.14387   -2.58749   -3.44999   -2.03578
1.14812   -2.59249   -3.45665   -2.03996
1.15238   -2.59748   -3.4633   -2.04413
1.15663   -2.60245   -3.46994   -2.0483
1.16088   -2.60742   -3.47656   -2.05245
1.16513   -2.61238   -3.48318   -2.0566
1.16939   -2.61733   -3.48978   -2.06074
1.17364   -2.62227   -3.49636   -2.06488
1.17789   -2.6272   -3.50294   -2.069
1.18214   -2.63213   -3.5095   -2.07312
1.18639   -2.63704   -3.51605   -2.07723
1.19065   -2.64194   -3.52259   -2.08133
1.1949   -2.64684   -3.52911   -2.08543
1.19915   -2.65172   -3.53563   -2.08951
1.2034   -2.6566   -3.54213   -2.09359
1.20766   -2.66146   -3.54862   -2.09767
1.21191   -2.66632   -3.55509   -2.10173
1.21616   -2.67117   -3.56156   -2.10579
1.22041   -2.67601   -3.56801   -2.10984
1.22467   -2.68084   -3.57445   -2.11388
1.22892   -2.68566   -3.58088   -2.11792
1.23317   -2.69047   -3.5873   -2.12195
1.23742   -2.69528   -3.5937   -2.12597
1.24167   -2.70007   -3.60009   -2.12999
1.24593   -2.70486   -3.60647   -2.13399
1.25018   -2.70963   -3.61284   -2.13799
1.25443   -2.7144   -3.6192   -2.14199
1.25868   -2.71916   -3.62555   -2.14597
1.26294   -2.72391   -3.63188   -2.14995
1.26719   -2.72865   -3.6382   -2.15392
1.27144   -2.73339   -3.64452   -2.15789
1.27569   -2.73811   -3.65082   -2.16185
1.27995   -2.74283   -3.65711   -2.1658
1.2842   -2.74754   -3.66338   -2.16974
1.28845   -2.75224   -3.66965   -2.17368
1.2927   -2.75693   -3.6759   -2.17761
1.29695   -2.76161   -3.68215   -2.18154
1.30121   -2.76628   -3.68838   -2.18545
1.30546   -2.77095   -3.6946   -2.18936
1.30971   -2.77561   -3.70081   -2.19327
1.31396   -2.78026   -3.70701   -2.19716
1.31822   -2.7849   -3.7132   -2.20105
1.32247   -2.78953   -3.71937   -2.20494
1.32672   -2.79415   -3.72554   -2.20882
1.33097   -2.79877   -3.73169   -2.21269
1.33523   -2.80338   -3.73784   -2.21655
1.33948   -2.80798   -3.74397   -2.22041
1.34373   -2.81257   -3.75009   -2.22426
1.34798   -2.81715   -3.75621   -2.2281
1.35223   -2.82173   -3.76231   -2.23194
1.35649   -2.8263   -3.7684   -2.23577
1.36074   -2.83086   -3.77448   -2.23959
1.36499   -2.83541   -3.78055   -2.24341
1.36924   -2.83995   -3.7866   -2.24722
1.3735   -2.84449   -3.79265   -2.25103
1.37775   -2.84902   -3.79869   -2.25483
1.382   -2.85354   -3.80472   -2.25862
1.38625   -2.85805   -3.81073   -2.26241
1.39051   -2.86255   -3.81674   -2.26619
1.39476   -2.86705   -3.82274   -2.26996
1.39901   -2.87154   -3.82872   -2.27373
1.40326   -2.87602   -3.8347   -2.27749
1.40751   -2.8805   -3.84066   -2.28125
1.41177   -2.88496   -3.84662   -2.285
1.41602   -2.88942   -3.85256   -2.28874
1.42027   -2.89387   -3.8585   -2.29248
1.42452   -2.89831   -3.86442   -2.29621
1.42878   -2.90275   -3.87033   -2.29994
1.43303   -2.90718   -3.87624   -2.30365
1.43728   -2.9116   -3.88213   -2.30737
1.44153   -2.91601   -3.88802   -2.31107
1.44579   -2.92042   -3.89389   -2.31477
1.45004   -2.92482   -3.89976   -2.31847
1.45429   -2.92921   -3.90561   -2.32216
1.45854   -2.93359   -3.91145   -2.32584
1.46279   -2.93797   -3.91729   -2.32952
1.46705   -2.94234   -3.92311   -2.33319
1.4713   -2.9467   -3.92893   -2.33686
1.47555   -2.95105   -3.93474   -2.34052
1.4798   -2.9554   -3.94053   -2.34417
1.48406   -2.95974   -3.94632   -2.34782
1.48831   -2.96407   -3.9521   -2.35146
1.49256   -2.9684   -3.95786   -2.3551
1.49681   -2.97271   -3.96362   -2.35873
1.50107   -2.97703   -3.96937   -2.36235
1.50532   -2.98133   -3.97511   -2.36597
1.50957   -2.98563   -3.98084   -2.36959
1.51382   -2.98992   -3.98656   -2.37319
1.51807   -2.9942   -3.99227   -2.3768
1.52233   -2.99848   -3.99797   -2.38039
1.52658   -3.00274   -4.00366   -2.38399
1.53083   -3.00701   -4.00934   -2.38757
1.53508   -3.01126   -4.01501   -2.39115
1.53934   -3.01551   -4.02068   -2.39473
1.54359   -3.01975   -4.02633   -2.3983
1.54784   -3.02398   -4.03198   -2.40186
1.55209   -3.02821   -4.03761   -2.40542
1.55635   -3.03243   -4.04324   -2.40897
1.5606   -3.03665   -4.04886   -2.41252
1.56485   -3.04085   -4.05447   -2.41606
1.5691   -3.04505   -4.06007   -2.4196
1.57335   -3.04925   -4.06566   -2.42313
1.57761   -3.05343   -4.07124   -2.42665
1.58186   -3.05761   -4.07682   -2.43017
1.58611   -3.06178   -4.08238   -2.43369
1.59036   -3.06595   -4.08793   -2.4372
1.59462   -3.07011   -4.09348   -2.4407
1.59887   -3.07426   -4.09902   -2.4442
1.60312   -3.07841   -4.10455   -2.4477
1.60737   -3.08255   -4.11007   -2.45119
1.61163   -3.08668   -4.11558   -2.45467
1.61588   -3.09081   -4.12108   -2.45815
1.62013   -3.09493   -4.12657   -2.46162
1.62438   -3.09904   -4.13206   -2.46509
1.62863   -3.10315   -4.13754   -2.46855
1.63289   -3.10725   -4.143   -2.47201
1.63714   -3.11135   -4.14846   -2.47546
1.64139   -3.11544   -4.15391   -2.47891
1.64564   -3.11952   -4.15936   -2.48235
1.6499   -3.12359   -4.16479   -2.48579
1.65415   -3.12766   -4.17021   -2.48922
1.6584   -3.13172   -4.17563   -2.49265
1.66265   -3.13578   -4.18104   -2.49607
1.66691   -3.13983   -4.18644   -2.49949
1.67116   -3.14387   -4.19183   -2.5029
1.67541   -3.14791   -4.19721   -2.50631
1.67966   -3.15194   -4.20259   -2.50971
1.68391   -3.15597   -4.20795   -2.51311
1.68817   -3.15998   -4.21331   -2.5165
1.69242   -3.164   -4.21866   -2.51989
1.69667   -3.168   -4.224   -2.52327
1.70092   -3.172   -4.22934   -2.52665
1.70518   -3.176   -4.23466   -2.53002
1.70943   -3.17998   -4.23998   -2.53339
1.71368   -3.18397   -4.24529   -2.53676
1.71793   -3.18794   -4.25059   -2.54011
1.72219   -3.19191   -4.25588   -2.54347
1.72644   -3.19587   -4.26116   -2.54682
1.73069   -3.19983   -4.26644   -2.55016
1.73494   -3.20378   -4.27171   -2.5535
1.73919   -3.20773   -4.27697   -2.55684
1.74345   -3.21167   -4.28222   -2.56017
1.7477   -3.2156   -4.28747   -2.56349
1.75195   -3.21953   -4.2927   -2.56682
1.7562   -3.22345   -4.29793   -2.57013
1.76046   -3.22736   -4.30315   -2.57344
1.76471   -3.23127   -4.30836   -2.57675
1.76896   -3.23518   -4.31357   -2.58005
1.77321   -3.23908   -4.31877   -2.58335
1.77747   -3.24297   -4.32396   -2.58664
1.78172   -3.24685   -4.32914   -2.58993
1.78597   -3.25073   -4.33431   -2.59322
1.79022   -3.25461   -4.33948   -2.5965
1.79447   -3.25848   -4.34464   -2.59977
1.79873   -3.26234   -4.34979   -2.60304
1.80298   -3.2662   -4.35493   -2.60631
1.80723   -3.27005   -4.36007   -2.60957
1.81148   -3.27389   -4.36519   -2.61283
1.81574   -3.27773   -4.37031   -2.61608
1.81999   -3.28157   -4.37543   -2.61933
1.82424   -3.2854   -4.38053   -2.62258
1.82849   -3.28922   -4.38563   -2.62582
1.83275   -3.29304   -4.39072   -2.62905
1.837   -3.29685   -4.3958   -2.63228
1.84125   -3.30066   -4.40088   -2.63551
1.8455   -3.30446   -4.40594   -2.63873
1.84975   -3.30825   -4.411   -2.64195
1.85401   -3.31204   -4.41606   -2.64516
1.85826   -3.31583   -4.4211   -2.64837
1.86251   -3.3196   -4.42614   -2.65158
1.86676   -3.32338   -4.43117   -2.65478
1.87102   -3.32714   -4.43619   -2.65797
1.87527   -3.33091   -4.44121   -2.66117
1.87952   -3.33466   -4.44622   -2.66435
1.88377   -3.33841   -4.45122   -2.66754
1.88803   -3.34216   -4.45621   -2.67072
1.89228   -3.3459   -4.4612   -2.67389
1.89653   -3.34963   -4.46618   -2.67706
1.90078   -3.35336   -4.47115   -2.68023
1.90503   -3.35709   -4.47612   -2.68339
1.90929   -3.36081   -4.48108   -2.68655
1.91354   -3.36452   -4.48603   -2.68971
1.91779   -3.36823   -4.49097   -2.69286
1.92204   -3.37193   -4.49591   -2.69601
1.9263   -3.37563   -4.50084   -2.69915
1.93055   -3.37932   -4.50576   -2.70229
1.9348   -3.38301   -4.51068   -2.70542
1.93905   -3.38669   -4.51558   -2.70855
1.94331   -3.39036   -4.52049   -2.71168
1.94756   -3.39403   -4.52538   -2.7148
1.95181   -3.3977   -4.53027   -2.71792
1.95606   -3.40136   -4.53515   -2.72103
1.96031   -3.40502   -4.54002   -2.72414
1.96457   -3.40867   -4.54489   -2.72725
1.96882   -3.41231   -4.54975   -2.73035
1.97307   -3.41595   -4.5546   -2.73345
1.97732   -3.41959   -4.55945   -2.73654
1.98158   -3.42322   -4.56429   -2.73963
1.98583   -3.42684   -4.56912   -2.74272
1.99008   -3.43046   -4.57395   -2.7458
1.99433   -3.43407   -4.57877   -2.74888
1.99859   -3.43768   -4.58358   -2.75196
2.00284   -3.44129   -4.58838   -2.75503
2.00709   -3.44489   -4.59318   -2.7581
2.01134   -3.44848   -4.59797   -2.76116
2.01559   -3.45207   -4.60276   -2.76422
2.01985   -3.45565   -4.60754   -2.76727
2.0241   -3.45923   -4.61231   -2.77032
2.02835   -3.46281   -4.61708   -2.77337
2.0326   -3.46638   -4.62184   -2.77642
2.03686   -3.46994   -4.62659   -2.77946
2.04111   -3.4735   -4.63133   -2.78249
2.04536   -3.47705   -4.63607   -2.78553
2.04961   -3.4806   -4.6408   -2.78856
2.05387   -3.48415   -4.64553   -2.79158
2.05812   -3.48769   -4.65025   -2.7946
2.06237   -3.49122   -4.65496   -2.79762
2.06662   -3.49475   -4.65967   -2.80063
2.07088   -3.49828   -4.66437   -2.80365
2.07513   -3.5018   -4.66906   -2.80665
2.07938   -3.50531   -4.67375   -2.80966
2.08363   -3.50886   -4.67843   -2.81268
2.08788   -3.51236   -4.6831   -2.81567
2.09214   -3.51586   -4.68777   -2.81867
2.09639   -3.51936   -4.69243   -2.82165
2.10064   -3.52285   -4.69709   -2.82464
2.10489   -3.52634   -4.70174   -2.82762
2.10915   -3.52982   -4.70638   -2.8306
2.1134   -3.5333   -4.71102   -2.83357
2.11765   -3.53677   -4.71565   -2.83654
2.1219   -3.54024   -4.72027   -2.83951
2.12616   -3.5437   -4.72489   -2.84248
2.13041   -3.54716   -4.7295   -2.84544
2.13466   -3.55062   -4.7341   -2.84839
2.13891   -3.55406   -4.7387   -2.85135
2.14316   -3.55751   -4.7433   -2.8543
2.14742   -3.56095   -4.74788   -2.85724
2.15167   -3.56438   -4.75246   -2.86019
2.15592   -3.56781   -4.75704   -2.86313
2.16017   -3.57124   -4.7616   -2.86606
2.16443   -3.57466   -4.76616   -2.869
2.16868   -3.57808   -4.77072   -2.87192
2.17293   -3.58149   -4.77527   -2.87485
2.17718   -3.5849   -4.77981   -2.87777
2.18144   -3.5883   -4.78435   -2.88069
2.18569   -3.5917   -4.78888   -2.88361
2.18994   -3.59509   -4.79341   -2.88652
2.19419   -3.59848   -4.79793   -2.88943
2.19844   -3.60187   -4.80244   -2.89234
2.2027   -3.60525   -4.80695   -2.89524
2.20695   -3.60862   -4.81145   -2.89814
2.2112   -3.612   -4.81594   -2.90104
2.21545   -3.61536   -4.82043   -2.90393
2.21971   -3.61873   -4.82492   -2.90681
2.22396   -3.62208   -4.82939   -2.9097
2.22821   -3.62544   -4.83387   -2.91258
2.23246   -3.62879   -4.83833   -2.91546
2.23672   -3.63213   -4.84279   -2.91833
2.24097   -3.63547   -4.84725   -2.9212
2.24522   -3.63881   -4.85169   -2.92407
2.24947   -3.64214   -4.85614   -2.92693
2.25372   -3.64547   -4.86057   -2.9298
2.25798   -3.64879   -4.865   -2.93265
2.26223   -3.65211   -4.86943   -2.93551
2.26648   -3.65542   -4.87385   -2.93836
2.27073   -3.65873   -4.87826   -2.94121
2.27499   -3.66204   -4.88267   -2.94406
2.27924   -3.66534   -4.88707   -2.9469
2.28349   -3.66864   -4.89147   -2.94974
2.28774   -3.67193   -4.89586   -2.95258
2.292   -3.67522   -4.90024   -2.95541
2.29625   -3.6785   -4.90462   -2.95824
2.3005   -3.68178   -4.909   -2.96107
2.30475   -3.68506   -4.91337   -2.9639
2.309   -3.68833   -4.91773   -2.96672
2.31326   -3.6916   -4.92208   -2.96954
2.31751   -3.69486   -4.92643   -2.97235
2.32176   -3.69812   -4.93078   -2.97517
2.32601   -3.70138   -4.93512   -2.97798
2.33027   -3.70463   -4.93945   -2.98078
2.33452   -3.70787   -4.94378   -2.98359
2.33877   -3.71112   -4.94811   -2.98639
2.34302   -3.71435   -4.95242   -2.98919
2.34728   -3.71759   -4.95674   -2.99198
2.35153   -3.72082   -4.96104   -2.99478
2.35578   -3.72404   -4.96534   -2.99757
2.36003   -3.72727   -4.96964   -3.00035
2.36428   -3.73048   -4.97398   -3.00314
2.36854   -3.7337   -4.97826   -3.00592
2.37279   -3.73691   -4.98254   -3.0087
2.37704   -3.74011   -4.98682   -3.01147
2.38129   -3.74331   -4.99108   -3.01424
2.38555   -3.74651   -4.99535   -3.01701
2.3898   -3.7497   -4.9996   -3.01978
2.39405   -3.75289   -5.00386   -3.02254
2.3983   -3.75608   -5.0081   -3.02531
2.40256   -3.75926   -5.01235   -3.02806
2.40681   -3.76244   -5.01658   -3.03082
2.41106   -3.76561   -5.02081   -3.03357
2.41531   -3.76878   -5.02504   -3.03632
2.41956   -3.77194   -5.02926   -3.03907
2.42382   -3.7751   -5.03347   -3.04182
2.42807   -3.77826   -5.03768   -3.04456
2.43232   -3.78141   -5.04189   -3.0473
2.43657   -3.78456   -5.04608   -3.05003
2.44083   -3.78771   -5.05028   -3.05277
2.44508   -3.79085   -5.05447   -3.0555
2.44933   -3.79399   -5.05865   -3.05823
2.45358   -3.79712   -5.06283   -3.06095
2.45784   -3.80025   -5.067   -3.06368
2.46209   -3.80338   -5.07117   -3.0664
2.46634   -3.8065   -5.07533   -3.06912
2.47059   -3.80962   -5.07949   -3.07183
2.47484   -3.81273   -5.08364   -3.07454
2.4791   -3.81584   -5.08779   -3.07725
2.48335   -3.81895   -5.09193   -3.07996
2.4876   -3.82205   -5.09607   -3.08267
2.49185   -3.82515   -5.1002   -3.08537
2.49611   -3.82824   -5.10433   -3.08807
2.50036   -3.83133   -5.10845   -3.09077
2.50461   -3.83442   -5.11256   -3.09346
2.50886   -3.83751   -5.11667   -3.09615
2.51312   -3.84059   -5.12078   -3.09884
2.51737   -3.84366   -5.12488   -3.10153
2.52162   -3.84673   -5.12898   -3.10421
2.52587   -3.8498   -5.13307   -3.10689
2.53012   -3.85287   -5.13716   -3.10956
2.53438   -3.85593   -5.14124   -3.11224
2.53863   -3.85898   -5.14531   -3.11491
2.54288   -3.86204   -5.14938   -3.11758
2.54713   -3.86509   -5.15345   -3.12025
2.55139   -3.86813   -5.15751   -3.12291
2.55564   -3.87118   -5.16157   -3.12557
2.55989   -3.87421   -5.16562   -3.12823
2.56414   -3.87725   -5.16967   -3.13089
2.5684   -3.88028   -5.17371   -3.13354
2.57265   -3.88331   -5.17774   -3.1362
2.5769   -3.88633   -5.18178   -3.13885
2.58115   -3.88935   -5.1858   -3.14149
2.5854   -3.89237   -5.18983   -3.14414
2.58966   -3.89538   -5.19384   -3.14678
2.59391   -3.89839   -5.19785   -3.14942
2.59816   -3.9014   -5.20186   -3.15206
2.60241   -3.9044   -5.20587   -3.1547
2.60667   -3.9074   -5.20986   -3.15733
2.61092   -3.91039   -5.21386   -3.15996
2.61517   -3.91338   -5.21784   -3.16259
2.61942   -3.91637   -5.22183   -3.16522
2.62368   -3.91935   -5.22581   -3.16785
2.62793   -3.92234   -5.22978   -3.17047
2.63218   -3.92531   -5.23375   -3.17309
2.63643   -3.92829   -5.23771   -3.17571
2.64068   -3.93126   -5.24167   -3.17832
2.64494   -3.93422   -5.24563   -3.18094
2.64919   -3.93718   -5.24958   -3.18355
2.65344   -3.94014   -5.25352   -3.18616
2.65769   -3.9431   -5.25747   -3.18876
2.66195   -3.94605   -5.2614   -3.19137
2.6662   -3.949   -5.26533   -3.19397
2.67045   -3.95195   -5.26926   -3.19657
2.6747   -3.95489   -5.27318   -3.19917
2.67896   -3.95783   -5.2771   -3.20177
2.68321   -3.96076   -5.28101   -3.20436
2.68746   -3.96369   -5.28492   -3.20695
2.69171   -3.96662   -5.28883   -3.20954
2.69596   -3.96954   -5.29272   -3.21213
2.70022   -3.97246   -5.29662   -3.21472
2.70447   -3.97538   -5.30051   -3.2173
2.70872   -3.9783   -5.30439   -3.21988
2.71297   -3.98121   -5.30828   -3.22246
2.71723   -3.98411   -5.31215   -3.22504
2.72148   -3.98702   -5.31602   -3.22761
2.72573   -3.98992   -5.31989   -3.23019
2.72998   -3.99281   -5.32375   -3.23276
2.73424   -3.99571   -5.32761   -3.23533
2.73849   -3.9986   -5.33146   -3.23789
2.74274   -4.00149   -5.33531   -3.24046
2.74699   -4.00437   -5.33916   -3.24302
2.75124   -4.00725   -5.343   -3.24558
2.7555   -4.01013   -5.34683   -3.24814
2.75975   -4.013   -5.35067   -3.2507
2.764   -4.01587   -5.35449   -3.25326
2.76825   -4.01874   -5.35831   -3.25581
2.77251   -4.0216   -5.36213   -3.25836
2.77676   -4.02446   -5.36595   -3.26091
2.78101   -4.02732   -5.36975   -3.26346
2.78526   -4.03017   -5.37356   -3.26601
2.78952   -4.03302   -5.37736   -3.26855
2.79377   -4.03587   -5.38116   -3.27109
2.79802   -4.03871   -5.38495   -3.27363
2.80227   -4.04155   -5.38873   -3.27617
2.80652   -4.04439   -5.39252   -3.27871
2.81078   -4.04722   -5.3963   -3.28124
2.81503   -4.05005   -5.40007   -3.28377
2.81928   -4.05288   -5.40384   -3.2863
2.82353   -4.0557   -5.4076   -3.28884
2.82779   -4.05852   -5.41137   -3.29136
2.83204   -4.06134   -5.41512   -3.29389
2.83629   -4.06416   -5.41887   -3.29642
2.84054   -4.06697   -5.42262   -3.29894
2.8448   -4.06977   -5.42637   -3.30146
2.84905   -4.07258   -5.43011   -3.30398
2.8533   -4.07538   -5.43384   -3.3065
2.85755   -4.07818   -5.43757   -3.30902
2.8618   -4.08097   -5.4413   -3.31153
2.86606   -4.08377   -5.44502   -3.31405
2.87031   -4.08656   -5.44874   -3.31656
2.87456   -4.08934   -5.45245   -3.31907
2.87881   -4.09212   -5.45616   -3.32157
2.88307   -4.0949   -5.45987   -3.32408
2.88732   -4.09768   -5.46357   -3.32658
2.89157   -4.10045   -5.46727   -3.32908
2.89582   -4.10322   -5.47096   -3.33158
2.90008   -4.10599   -5.47465   -3.33407
2.90433   -4.10875   -5.47834   -3.33657
2.90858   -4.11151   -5.48202   -3.33906
2.91283   -4.11427   -5.48569   -3.34156
2.91708   -4.11702   -5.48937   -3.34405
2.92134   -4.11978   -5.49303   -3.34654
2.92559   -4.12252   -5.4967   -3.34903
2.92984   -4.12527   -5.50036   -3.35151
2.93409   -4.12801   -5.50401   -3.354
2.93835   -4.13075   -5.50767   -3.35648
2.9426   -4.13348   -5.51131   -3.35896
2.94685   -4.13622   -5.51496   -3.36144
2.9511   -4.13895   -5.5186   -3.36392
2.95536   -4.14167   -5.52223   -3.3664
2.95961   -4.1444   -5.52586   -3.36887
2.96386   -4.14712   -5.52949   -3.37135
2.96811   -4.14984   -5.53311   -3.37382
2.97236   -4.15255   -5.53673   -3.37629
2.97662   -4.15526   -5.54035   -3.37876
2.98087   -4.15797   -5.54396   -3.38123
2.98512   -4.16068   -5.54757   -3.3837
2.98937   -4.16338   -5.55117   -3.38617
2.99363   -4.16608   -5.55477   -3.38863
2.99788   -4.16877   -5.55836   -3.39109
3.00213   -4.17147   -5.56196   -3.39356
3.00638   -4.17416   -5.56554   -3.39602
3.01064   -4.17684   -5.56913   -3.39848
3.01489   -4.17953   -5.57271   -3.40093
3.01914   -4.18221   -5.57628   -3.40339
3.02339   -4.18489   -5.57985   -3.40585
3.02764   -4.18757   -5.58342   -3.4083
3.0319   -4.19024   -5.58698   -3.41075
3.03615   -4.19291   -5.59054   -3.4132
3.0404   -4.19557   -5.5941   -3.41565
3.04465   -4.19824   -5.59765   -3.4181
3.04891   -4.2009   -5.6012   -3.42055
3.05316   -4.20356   -5.60474   -3.423
3.05741   -4.20621   -5.60828   -3.42544
3.06166   -4.20887   -5.61182   -3.42789
3.06592   -4.21151   -5.61535   -3.43033
3.07017   -4.21416   -5.61888   -3.43277
3.07442   -4.2168   -5.62241   -3.43521
3.07867   -4.21945   -5.62593   -3.43765
3.08292   -4.22208   -5.62944   -3.44009
3.08718   -4.22472   -5.63296   -3.44253
3.09143   -4.22735   -5.63647   -3.44497
3.09568   -4.22998   -5.63997   -3.4474
3.09993   -4.23261   -5.64348   -3.44984
3.10419   -4.23523   -5.64697   -3.45227
3.10844   -4.23785   -5.65047   -3.45471
3.11269   -4.24047   -5.65396   -3.45714
3.11694   -4.24308   -5.65744   -3.45957
3.1212   -4.2457   -5.66093   -3.462
3.12545   -4.24831   -5.66441   -3.46442
3.1297   -4.25091   -5.66788   -3.46685
3.13395   -4.25352   -5.67135   -3.46928
3.1382   -4.25612   -5.67482   -3.4717
3.14246   -4.25871   -5.67829   -3.47413
3.14671   -4.26131   -5.68175   -3.47655
3.15096   -4.2639   -5.6852   -3.47897
3.15521   -4.26649   -5.68866   -3.48139
3.15947   -4.26908   -5.69211   -3.48381
3.16372   -4.27166   -5.69555   -3.48623
3.16797   -4.27424   -5.69899   -3.48865
3.17222   -4.27682   -5.70243   -3.49107
3.17648   -4.2794   -5.70587   -3.49349
3.18073   -4.28197   -5.7093   -3.4959
3.18498   -4.28454   -5.71272   -3.49832
3.18923   -4.28711   -5.71615   -3.50074
3.19348   -4.28968   -5.71957   -3.50316
3.19774   -4.29224   -5.72298   -3.50557
3.20199   -4.2948   -5.7264   -3.50799
3.20624   -4.29735   -5.72981   -3.5104
3.21049   -4.29991   -5.73321   -3.51281
3.21475   -4.30246   -5.73661   -3.51523
3.219   -4.30501   -5.74001   -3.51764
3.22325   -4.30755   -5.74341   -3.52005
3.2275   -4.3101   -5.7468   -3.52246
3.23176   -4.31264   -5.75018   -3.52487
3.23601   -4.31518   -5.75357   -3.52728
3.24026   -4.31771   -5.75695   -3.52969
3.24451   -4.32024   -5.76032   -3.53209
3.24876   -4.32277   -5.7637   -3.5345
3.25302   -4.3253   -5.76707   -3.53691
3.25727   -4.32783   -5.77043   -3.53931
3.26152   -4.33035   -5.7738   -3.54172
3.26577   -4.33287   -5.77715   -3.54412
3.27003   -4.33538   -5.78051   -3.54652
3.27428   -4.3379   -5.78386   -3.54892
3.27853   -4.34041   -5.78721   -3.55132
3.28278   -4.34292   -5.79056   -3.55372
3.28704   -4.34542   -5.7939   -3.55613
3.29129   -4.34793   -5.79723   -3.55853
3.29554   -4.35043   -5.80057   -3.56093
3.29979   -4.35292   -5.8039   -3.56333
3.30404   -4.35542   -5.80723   -3.56573
3.3083   -4.35791   -5.81055   -3.56813
3.31255   -4.3604   -5.81387   -3.57053
3.3168   -4.36289   -5.81719   -3.57293
3.32105   -4.36538   -5.8205   -3.57533
3.32531   -4.36786   -5.82381   -3.57773
3.32956   -4.37034   -5.82712   -3.58012
3.33381   -4.37282   -5.83042   -3.58252
3.33806   -4.37529   -5.83372   -3.58492
3.34232   -4.37776   -5.83702   -3.58731
3.34657   -4.38023   -5.84031   -3.58971
3.35082   -4.3827   -5.8436   -3.59211
3.35507   -4.38516   -5.84689   -3.5945
3.35932   -4.38763   -5.85017   -3.5969
3.36358   -4.39009   -5.85345   -3.59929
3.36783   -4.39254   -5.85672   -3.60169
3.37208   -4.395   -5.86   -3.60408
3.37633   -4.39745   -5.86327   -3.60648
3.38059   -4.3999   -5.86653   -3.60887
3.38484   -4.40235   -5.86979   -3.61127
3.38909   -4.40479   -5.87305   -3.61366
3.39334   -4.40723   -5.87631   -3.61606
3.3976   -4.40967   -5.87956   -3.61845
3.40185   -4.41211   -5.88281   -3.62084
3.4061   -4.41454   -5.88606   -3.62324
3.41035   -4.41697   -5.8893   -3.62563
3.41461   -4.4194   -5.89254   -3.62802
3.41886   -4.42183   -5.89577   -3.63042
3.42311   -4.42425   -5.89901   -3.63281
3.42736   -4.42668   -5.90223   -3.6352
3.43161   -4.4291   -5.90546   -3.63759
3.43587   -4.43151   -5.90868   -3.63999
3.44012   -4.43393   -5.9119   -3.64238
3.44437   -4.43634   -5.91512   -3.64477
3.44862   -4.43875   -5.91833   -3.64717
3.45288   -4.44115   -5.92154   -3.64957
3.45713   -4.44356   -5.92475   -3.65197
3.46138   -4.44596   -5.92795   -3.65437
3.46563   -4.44836   -5.93115   -3.65677
3.46989   -4.45076   -5.93434   -3.65917
3.47414   -4.45315   -5.93754   -3.66157
3.47839   -4.45555   -5.94073   -3.66397
3.48264   -4.45794   -5.94391   -3.66637
3.48689   -4.46032   -5.9471   -3.66877
3.49115   -4.46271   -5.95028   -3.67117
3.4954   -4.46509   -5.95346   -3.67358
3.49965   -4.46747   -5.95663   -3.67598
3.5039   -4.46985   -5.9598   -3.67839
3.50816   -4.47223   -5.96297   -3.68079
3.51241   -4.4746   -5.96613   -3.6832
3.51666   -4.47697   -5.96929   -3.68561
3.52091   -4.47934   -5.97245   -3.68801
3.52517   -4.4817   -5.97561   -3.69042
3.52942   -4.48407   -5.97876   -3.69282
3.53367   -4.48643   -5.98191   -3.69523
3.53792   -4.48879   -5.98505   -3.69764
3.54217   -4.49114   -5.98819   -3.70005
3.54643   -4.4935   -5.99133   -3.70245
3.55068   -4.49585   -5.99447   -3.70486
3.55493   -4.4982   -5.9976   -3.70727
3.55918   -4.50055   -6.00073   -3.70968
3.56344   -4.50289   -6.00386   -3.71209
3.56769   -4.50523   -6.00698   -3.7145
3.57194   -4.50757   -6.0101   -3.71692
3.57619   -4.50991   -6.01322   -3.71933
3.58045   -4.51225   -6.01633   -3.72174
3.5847   -4.51458   -6.01944   -3.72416
3.58895   -4.51691   -6.02255   -3.72657
3.5932   -4.51924   -6.02565   -3.72899
3.59745   -4.52157   -6.02876   -3.7314
3.60171   -4.52389   -6.03185   -3.73382
3.60596   -4.52621   -6.03495   -3.73624
3.61021   -4.52853   -6.03804   -3.73866
3.61446   -4.53085   -6.04113   -3.74108
3.61872   -4.53316   -6.04422   -3.74351
3.62297   -4.53548   -6.0473   -3.74593
3.62722   -4.53779   -6.05038   -3.74836
3.63147   -4.54009   -6.05346   -3.75079
3.63573   -4.5424   -6.05653   -3.75322
3.63998   -4.5447   -6.0596   -3.75565
3.64423   -4.547   -6.06267   -3.75808
3.64848   -4.5493   -6.06574   -3.76051
3.65273   -4.5516   -6.0688   -3.76294
3.65699   -4.55389   -6.07186   -3.76538
3.66124   -4.55619   -6.07491   -3.76781
3.66549   -4.55848   -6.07797   -3.77025
3.66974   -4.56076   -6.08102   -3.77269
3.674   -4.56305   -6.08406   -3.77512
3.67825   -4.56533   -6.08711   -3.77756
3.6825   -4.56761   -6.09015   -3.78001
3.68675   -4.56989   -6.09319   -3.78245
3.69101   -4.57217   -6.09622   -3.78489
3.69526   -4.57444   -6.09926   -3.78734
3.69951   -4.57671   -6.10228   -3.78978
3.70376   -4.57898   -6.10531   -3.79223
3.70801   -4.58125   -6.10833   -3.79468
3.71227   -4.58352   -6.11135   -3.79713
3.71652   -4.58578   -6.11437   -3.79959
3.72077   -4.58804   -6.11739   -3.80204
3.72502   -4.5903   -6.1204   -3.80449
3.72928   -4.59256   -6.12341   -3.80695
3.73353   -4.59481   -6.12641   -3.80941
3.73778   -4.59706   -6.12942   -3.81187
3.74203   -4.59931   -6.13242   -3.81434
3.74629   -4.60156   -6.13541   -3.81681
3.75054   -4.60381   -6.13841   -3.81929
3.75479   -4.60605   -6.1414   -3.82176
3.75904   -4.60829   -6.14439   -3.82424
3.76329   -4.61053   -6.14737   -3.82672
3.76755   -4.61277   -6.15035   -3.8292
3.7718   -4.615   -6.15333   -3.83169
3.77605   -4.61723   -6.15631   -3.83417
3.7803   -4.61946   -6.15929   -3.83666
3.78456   -4.62169   -6.16226   -3.83915
3.78881   -4.62392   -6.16522   -3.84165
3.79306   -4.62614   -6.16819   -3.84415
3.79731   -4.62836   -6.17115   -3.84665
3.80157   -4.63058   -6.17411   -3.84916
3.80582   -4.6328   -6.17707   -3.85167
3.81007   -4.63502   -6.18002   -3.85418
3.81432   -4.63723   -6.18297   -3.8567
3.81857   -4.63944   -6.18592   -3.85922
3.82283   -4.64165   -6.18887   -3.86173
3.82708   -4.64386   -6.19181   -3.86426
3.83133   -4.64606   -6.19475   -3.86679
3.83558   -4.64827   -6.19769   -3.86932
3.83984   -4.65047   -6.20062   -3.87186
3.84409   -4.65267   -6.20355   -3.8744
3.84834   -4.65486   -6.20648   -3.87694
3.85259   -4.65706   -6.20941   -3.87949
3.85685   -4.65925   -6.21233   -3.88204
3.8611   -4.66144   -6.21525   -3.88459
3.86535   -4.66363   -6.21817   -3.88715
3.8696   -4.66581   -6.22109   -3.8897
3.87385   -4.668   -6.224   -3.89227
3.87811   -4.67018   -6.22691   -3.89483
3.88236   -4.67236   -6.22981   -3.8974
3.88661   -4.67454   -6.23272   -3.89997
3.89086   -4.67671   -6.23562   -3.90254
3.89512   -4.67889   -6.23852   -3.90512
3.89937   -4.68106   -6.24141   -3.9077
3.90362   -4.68323   -6.24431   -3.91028
3.90787   -4.6854   -6.2472   -3.91287
3.91213   -4.68756   -6.25008   -3.91546
3.91638   -4.68973   -6.25297   -3.91805
3.92063   -4.69189   -6.25585   -3.92065
3.92488   -4.69405   -6.25873   -3.92325
3.92913   -4.6962   -6.26161   -3.92586
3.93339   -4.69836   -6.26448   -3.92846
3.93764   -4.70051   -6.26735   -3.93108
3.94189   -4.70266   -6.27022   -3.93369
3.94614   -4.70481   -6.27309   -3.93631
3.9504   -4.70696   -6.27595   -3.93894
3.95465   -4.70911   -6.27881   -3.94156
3.9589   -4.71125   -6.28167   -3.9442
3.96315   -4.71339   -6.28452   -3.94683
3.96741   -4.71553   -6.28737   -3.94947
3.97166   -4.71767   -6.29022   -3.95212
3.97591   -4.7198   -6.29307   -3.95476
3.98016   -4.72194   -6.29592   -3.95742
3.98441   -4.72407   -6.29876   -3.96008
3.98867   -4.7262   -6.3016   -3.96275
3.99292   -4.72833   -6.30443   -3.96542
3.99717   -4.73045   -6.30727   -3.9681
4.00142   -4.73257   -6.3101   -3.97078
4.00568   -4.7347   -6.31293   -3.97347
4.00993   -4.73682   -6.31575   -3.97616
4.01418   -4.73893   -6.31858   -3.97886
4.01843   -4.74105   -6.3214   -3.98156
4.02269   -4.74316   -6.32422   -3.98428
4.02694   -4.74527   -6.32703   -3.98701
4.03119   -4.74738   -6.32984   -3.98973
4.03544   -4.74949   -6.33265   -3.99247
4.03969   -4.7516   -6.33546   -3.99521
4.04395   -4.7537   -6.33827   -3.99795
4.0482   -4.7558   -6.34107   -4.0007
4.05245   -4.7579   -6.34387   -4.00346
4.0567   -4.76   -6.34667   -4.00622
4.06096   -4.7621   -6.34946   -4.00899
4.06521   -4.76419   -6.35225   -4.01176
4.06946   -4.76628   -6.35504   -4.01454
4.07371   -4.76837   -6.35783   -4.01733
4.07797   -4.77046   -6.36062   -4.02012
4.08222   -4.77255   -6.3634   -4.02292
4.08647   -4.77463   -6.36618   -4.02573
4.09072   -4.77672   -6.36895   -4.02855
4.09497   -4.7788   -6.37173   -4.03138
4.09923   -4.78088   -6.3745   -4.03421
4.10348   -4.78295   -6.37727   -4.03705
4.10773   -4.78503   -6.38004   -4.0399
4.11198   -4.7871   -6.3828   -4.04278
4.11624   -4.78917   -6.38556   -4.04566
4.12049   -4.79124   -6.38832   -4.04855
4.12474   -4.79331   -6.39108   -4.05145
4.12899   -4.79537   -6.39383   -4.05436
4.13325   -4.79744   -6.39658   -4.05728
4.1375   -4.7995   -6.39933   -4.0602
4.14175   -4.80156   -6.40208   -4.06323
4.146   -4.80362   -6.40482   -4.06617
4.15025   -4.80567   -6.40757   -4.06912
4.15451   -4.80773   -6.41031   -4.07208
4.15876   -4.80978   -6.41304   -4.07505
4.16301   -4.81183   -6.41578   -4.07802
4.16726   -4.81388   -6.41851   -4.08101
4.17152   -4.81593   -6.42124   -4.08401
4.17577   -4.81797   -6.42396   -4.08702
4.18002   -4.82002   -6.42669   -4.09005
4.18427   -4.82206   -6.42941   -4.09308
4.18853   -4.8241   -6.43213   -4.09612
4.19278   -4.82614   -6.43485   -4.09917
4.19703   -4.82817   -6.43756   -4.10224
4.20128   -4.83021   -6.44027   -4.10531
4.20553   -4.83224   -6.44298   -4.1084
4.20979   -4.83427   -6.44569   -4.11149
4.21404   -4.8363   -6.4484   -4.1146
4.21829   -4.83832   -6.4511   -4.11772
4.22254   -4.84035   -6.4538   -4.12085
4.2268   -4.84237   -6.45649   -4.12399
4.23105   -4.84439   -6.45919   -4.12715
4.2353   -4.84641   -6.46188   -4.13031
4.23955   -4.84843   -6.46457   -4.13349
4.24381   -4.85045   -6.46726   -4.13669
