0.00425231   -1.95973   -2.61297   -1.39169
0.00850462   -2.11968   -2.82624   -1.50528
0.0127569   -2.24778   -2.99704   -1.59625
0.0170092   -2.35686   -3.14248   -1.67371
0.0212616   -2.45323   -3.27098   -1.74215
0.0255139   -2.54046   -3.38728   -1.80409
0.0297662   -2.62075   -3.49433   -1.86111
0.0340185   -2.69574   -3.59432   -1.91437
0.0382708   -2.76732   -3.68976   -1.9652
0.0425231   -2.83956   -3.78608   -2.0165
0.0467754   -2.9041   -3.87213   -2.06233
0.0510277   -2.96561   -3.95414   -2.10601
0.05528   -3.02478   -4.03304   -2.14803
0.0595323   -3.08191   -4.10921   -2.1886
0.0637847   -3.13721   -4.18295   -2.22788
0.068037   -3.19089   -4.25452   -2.26599
0.0722893   -3.2431   -4.32414   -2.30307
0.0765416   -3.29398   -4.39198   -2.3392
0.0807939   -3.34365   -4.4582   -2.37448
0.0850462   -3.3922   -4.52294   -2.40896
0.0892985   -3.43973   -4.58631   -2.44271
0.0935508   -3.48632   -4.64843   -2.47579
0.0978031   -3.53202   -4.70937   -2.50825
0.102055   -3.57691   -4.76922   -2.54013
0.106308   -3.62104   -4.82805   -2.57146
0.11056   -3.66444   -4.88592   -2.60229
0.114812   -3.70718   -4.94291   -2.63263
0.119065   -3.74928   -4.99904   -2.66253
0.123317   -3.79079   -5.05438   -2.69201
0.127569   -3.83173   -5.10897   -2.72108
0.131822   -3.87213   -5.16284   -2.74977
0.136074   -3.91202   -5.21603   -2.7781
0.140326   -3.95144   -5.26858   -2.80609
0.144579   -3.99039   -5.32052   -2.83375
0.148831   -4.0289   -5.37186   -2.8611
0.153083   -4.06699   -5.42265   -2.88815
0.157335   -4.10468   -5.4729   -2.91492
0.161588   -4.14198   -5.52264   -2.94141
0.16584   -4.17892   -5.57189   -2.96764
0.170092   -4.21549   -5.62066   -2.99361
0.174345   -4.25173   -5.66898   -3.01935
0.178597   -4.28764   -5.71685   -3.04485
0.182849   -4.32323   -5.76431   -3.07012
0.187102   -4.35852   -5.81136   -3.09518
0.191354   -4.39351   -5.85802   -3.12003
0.195606   -4.42822   -5.90429   -3.14468
0.199859   -4.46265   -5.9502   -3.16913
0.204111   -4.49682   -5.99575   -3.19339
0.208363   -4.53072   -6.04096   -3.21747
0.212616   -4.56438   -6.08584   -3.24137
0.216868   -4.59779   -6.13039   -3.2651
0.22112   -4.63097   -6.17462   -3.28866
0.225372   -4.66392   -6.21855   -3.31206
0.229625   -4.69664   -6.26219   -3.3353
0.233877   -4.72915   -6.30553   -3.35838
0.238129   -4.76145   -6.3486   -3.38132
0.242382   -4.79354   -6.39139   -3.40411
0.246634   -4.82543   -6.43391   -3.42676
0.250886   -4.85713   -6.47618   -3.44927
0.255139   -4.88864   -6.51819   -3.47164
0.259391   -4.91996   -6.55995   -3.49389
0.263643   -4.9511   -6.60147   -3.516
0.267896   -4.98207   -6.64276   -3.53799
0.272148   -5.01286   -6.68381   -3.55986
0.2764   -5.04348   -6.72464   -3.5816
0.280652   -5.07394   -6.76525   -3.60323
0.284905   -5.10423   -6.80564   -3.62475
0.289157   -5.13437   -6.84583   -3.64615
0.293409   -5.16435   -6.8858   -3.66744
0.297662   -5.19418   -6.92558   -3.68862
0.301914   -5.22386   -6.96515   -3.7097
0.306166   -5.2534   -7.00453   -3.73067
0.310419   -5.28279   -7.04372   -3.75155
0.314671   -5.31204   -7.08273   -3.77232
0.318923   -5.34116   -7.12154   -3.793
0.323176   -5.37014   -7.16018   -3.81358
0.327428   -5.39899   -7.19865   -3.83406
0.33168   -5.4277   -7.23694   -3.85445
0.335932   -5.45629   -7.27505   -3.87476
0.340185   -5.48475   -7.313   -3.89497
0.344437   -5.51309   -7.35079   -3.91509
0.348689   -5.54131   -7.38841   -3.93513
0.352942   -5.56941   -7.42588   -3.95509
0.357194   -5.59739   -7.46318   -3.97496
0.361446   -5.62525   -7.50034   -3.99475
0.365699   -5.653   -7.53734   -4.01445
0.369951   -5.68064   -7.57419   -4.03408
0.374203   -5.70817   -7.6109   -4.05363
0.378456   -5.73559   -7.64745   -4.0731
0.382708   -5.7629   -7.68387   -4.0925
0.38696   -5.79011   -7.72015   -4.11182
0.391213   -5.81721   -7.75628   -4.13106
0.395465   -5.84421   -7.79228   -4.15024
0.399717   -5.87111   -7.82815   -4.16934
0.403969   -5.89791   -7.86388   -4.18837
0.408222   -5.92461   -7.89948   -4.20733
0.412474   -5.95122   -7.93496   -4.22623
0.416726   -5.97773   -7.9703   -4.24505
0.420979   -6.00414   -8.00552   -4.26381
0.425231   -6.03046   -8.04061   -4.2825
0.429483   -6.05669   -8.07559   -4.30113
0.433736   -6.08283   -8.11044   -4.31969
0.437988   -6.10888   -8.14517   -4.33819
0.44224   -6.13483   -8.17978   -4.35662
0.446493   -6.16071   -8.21428   -4.37499
0.450745   -6.18649   -8.24866   -4.39331
0.454997   -6.21219   -8.28292   -4.41156
0.459249   -6.23781   -8.31708   -4.42975
0.463502   -6.26334   -8.35112   -4.44788
0.467754   -6.28879   -8.38505   -4.46595
0.472006   -6.31416   -8.41887   -4.48397
0.476259   -6.33944   -8.45259   -4.50192
0.480511   -6.36465   -8.4862   -4.51982
0.484763   -6.38978   -8.5197   -4.53767
0.489016   -6.41483   -8.5531   -4.55546
0.493268   -6.4398   -8.5864   -4.57319
0.49752   -6.4647   -8.6196   -4.59087
0.501773   -6.48952   -8.65269   -4.6085
0.506025   -6.51426   -8.68569   -4.62607
0.510277   -6.53894   -8.71858   -4.64359
0.51453   -6.56353   -8.75138   -4.66106
0.518782   -6.58806   -8.78408   -4.67848
0.523034   -6.61251   -8.81669   -4.69584
0.527286   -6.6369   -8.8492   -4.71316
0.531539   -6.66121   -8.88161   -4.73042
0.535791   -6.68545   -8.91394   -4.74764
0.540043   -6.70963   -8.94617   -4.76481
0.544296   -6.73373   -8.97831   -4.78192
0.548548   -6.75777   -9.01036   -4.79899
0.5528   -6.78174   -9.04232   -4.81602
0.557053   -6.80564   -9.07419   -4.83299
0.561305   -6.82948   -9.10597   -4.84992
0.565557   -6.85325   -9.13766   -4.8668
0.56981   -6.87695   -9.16927   -4.88363
0.574062   -6.9006   -9.20079   -4.90042
0.578314   -6.92417   -9.23223   -4.91717
0.582566   -6.94769   -9.26359   -4.93387
0.586819   -6.97114   -9.29486   -4.95052
0.591071   -6.99453   -9.32604   -4.96713
0.595323   -7.01786   -9.35715   -4.9837
0.599576   -7.04113   -9.38817   -5.00022
0.603828   -7.06433   -9.41911   -5.0167
0.60808   -7.08748   -9.44998   -5.03314
0.612333   -7.11057   -9.48076   -5.04953
0.616585   -7.1336   -9.51146   -5.06589
0.620837   -7.15656   -9.54209   -5.0822
0.62509   -7.17948   -9.57263   -5.09847
0.629342   -7.20233   -9.6031   -5.1147
0.633594   -7.22512   -9.6335   -5.13089
0.637847   -7.24786   -9.66382   -5.14703
0.642099   -7.27054   -9.69406   -5.16314
0.646351   -7.29317   -9.72423   -5.17921
0.650603   -7.31574   -9.75432   -5.19524
0.654856   -7.33826   -9.78434   -5.21123
0.659108   -7.36072   -9.81429   -5.22717
0.66336   -7.38312   -9.84416   -5.24309
0.667613   -7.40547   -9.87396   -5.25896
0.671865   -7.42777   -9.90369   -5.27479
0.676117   -7.45002   -9.93335   -5.29059
0.68037   -7.47221   -9.96294   -5.30635
0.684622   -7.49435   -9.99246   -5.32207
0.688874   -7.51643   -10.0219   -5.33776
0.693127   -7.53847   -10.0513   -5.3534
0.697379   -7.56045   -10.0806   -5.36902
0.701631   -7.58238   -10.1098   -5.38459
0.705883   -7.60426   -10.139   -5.40013
0.710136   -7.62609   -10.1681   -5.41563
0.714388   -7.64788   -10.1972   -5.4311
0.71864   -7.66961   -10.2261   -5.44653
0.722893   -7.69129   -10.255   -5.46193
0.727145   -7.71292   -10.2839   -5.47729
0.731397   -7.7345   -10.3127   -5.49262
0.73565   -7.75604   -10.3414   -5.50791
0.739902   -7.77752   -10.37   -5.52317
0.744154   -7.79896   -10.3986   -5.53839
0.748407   -7.82035   -10.4271   -5.55358
0.752659   -7.8417   -10.4556   -5.56874
0.756911   -7.86299   -10.484   -5.58386
0.761164   -7.88424   -10.5123   -5.59895
0.765416   -7.90544   -10.5406   -5.61401
0.769668   -7.9266   -10.5688   -5.62904
0.77392   -7.94771   -10.5969   -5.64403
0.778173   -7.96878   -10.625   -5.65899
0.782425   -7.9898   -10.6531   -5.67391
0.786677   -8.01077   -10.681   -5.68881
0.79093   -8.0317   -10.7089   -5.70367
0.795182   -8.05258   -10.7368   -5.7185
0.799434   -8.07342   -10.7646   -5.7333
0.803687   -8.09422   -10.7923   -5.74807
0.807939   -8.11497   -10.82   -5.76281
0.812191   -8.13568   -10.8476   -5.77751
0.816444   -8.15635   -10.8751   -5.79219
0.820696   -8.17697   -10.9026   -5.80683
0.824948   -8.19755   -10.9301   -5.82145
0.8292   -8.21808   -10.9574   -5.83603
0.833453   -8.23858   -10.9848   -5.85058
0.837705   -8.25903   -11.012   -5.86511
0.841957   -8.27944   -11.0393   -5.8796
0.84621   -8.29981   -11.0664   -5.89407
0.850462   -8.32013   -11.0935   -5.9085
0.854714   -8.34042   -11.1206   -5.92291
0.858967   -8.36066   -11.1475   -5.93728
0.863219   -8.38086   -11.1745   -5.95163
0.867471   -8.40103   -11.2014   -5.96595
0.871724   -8.42115   -11.2282   -5.98024
0.875976   -8.44123   -11.255   -5.9945
0.880228   -8.46127   -11.2817   -6.00873
0.884481   -8.48127   -11.3084   -6.02293
0.888733   -8.50123   -11.335   -6.03711
0.892985   -8.52115   -11.3615   -6.05125
0.897237   -8.54104   -11.388   -6.06537
0.90149   -8.56088   -11.4145   -6.07947
0.905742   -8.58069   -11.4409   -6.09353
0.909994   -8.60045   -11.4673   -6.10757
0.914247   -8.62018   -11.4936   -6.12158
0.918499   -8.63987   -11.5198   -6.13556
0.922751   -8.65952   -11.546   -6.14951
0.927004   -8.67913   -11.5722   -6.16344
0.931256   -8.69871   -11.5983   -6.17734
0.935508   -8.71824   -11.6243   -6.19122
0.939761   -8.73774   -11.6503   -6.20506
0.944013   -8.75721   -11.6763   -6.21888
0.948265   -8.77663   -11.7022   -6.23268
0.952517   -8.79602   -11.728   -6.24645
0.95677   -8.81537   -11.7538   -6.26019
0.961022   -8.83469   -11.7796   -6.27391
0.965274   -8.85396   -11.8053   -6.2876
0.969527   -8.87321   -11.8309   -6.30126
0.973779   -8.89241   -11.8565   -6.3149
0.978031   -8.91158   -11.8821   -6.32852
0.982284   -8.93072   -11.9076   -6.3421
0.986536   -8.94982   -11.9331   -6.35567
0.990788   -8.96888   -11.9585   -6.3692
0.995041   -8.98791   -11.9839   -6.38272
0.999293   -9.0069   -12.0092   -6.3962
1.00355   -9.02586   -12.0345   -6.40967
1.0078   -9.04478   -12.0597   -6.42311
1.01205   -9.06367   -12.0849   -6.43652
1.0163   -9.08252   -12.11   -6.44991
1.02055   -9.10134   -12.1351   -6.46327
1.02481   -9.12013   -12.1602   -6.47661
1.02906   -9.13888   -12.1852   -6.48993
1.03331   -9.15759   -12.2101   -6.50322
1.03756   -9.17628   -12.235   -6.51649
1.04182   -9.19493   -12.2599   -6.52973
1.04607   -9.21354   -12.2847   -6.54295
1.05032   -9.23212   -12.3095   -6.55615
1.05457   -9.25067   -12.3342   -6.56932
1.05883   -9.26919   -12.3589   -6.58247
1.06308   -9.28767   -12.3836   -6.59559
1.06733   -9.30612   -12.4082   -6.6087
1.07158   -9.32454   -12.4327   -6.62177
1.07583   -9.34292   -12.4572   -6.63483
1.08009   -9.36128   -12.4817   -6.64786
1.08434   -9.3796   -12.5061   -6.66087
1.08859   -9.39788   -12.5305   -6.67386
1.09284   -9.41614   -12.5549   -6.68682
1.0971   -9.43436   -12.5792   -6.69976
1.10135   -9.45255   -12.6034   -6.71268
1.1056   -9.47071   -12.6276   -6.72558
1.10985   -9.48884   -12.6518   -6.73845
1.11411   -9.50694   -12.6759   -6.7513
1.11836   -9.525   -12.7   -6.76413
1.12261   -9.54304   -12.7241   -6.77694
1.12686   -9.56104   -12.7481   -6.78973
1.13111   -9.57901   -12.772   -6.80249
1.13537   -9.59696   -12.7959   -6.81523
1.13962   -9.61487   -12.8198   -6.82795
1.14387   -9.63275   -12.8437   -6.84065
1.14812   -9.6506   -12.8675   -6.85332
1.15238   -9.66841   -12.8912   -6.86598
1.15663   -9.6862   -12.9149   -6.87861
1.16088   -9.70396   -12.9386   -6.89122
1.16513   -9.72169   -12.9623   -6.90381
1.16939   -9.73939   -12.9859   -6.91638
1.17364   -9.75706   -13.0094   -6.92892
1.17789   -9.7747   -13.0329   -6.94145
1.18214   -9.7923   -13.0564   -6.95396
1.18639   -9.80988   -13.0798   -6.96644
1.19065   -9.82743   -13.1032   -6.9789
1.1949   -9.84495   -13.1266   -6.99134
1.19915   -9.86245   -13.1499   -7.00377
1.2034   -9.87991   -13.1732   -7.01617
1.20766   -9.89734   -13.1965   -7.02855
1.21191   -9.91475   -13.2197   -7.04091
1.21616   -9.93212   -13.2428   -7.05325
1.22041   -9.94947   -13.266   -7.06557
1.22467   -9.96679   -13.2891   -7.07786
1.22892   -9.98408   -13.3121   -7.09014
1.23317   -10.0013   -13.3351   -7.1024
1.23742   -10.0186   -13.3581   -7.11464
1.24167   -10.0358   -13.381   -7.12686
1.24593   -10.053   -13.4039   -7.13906
1.25018   -10.0701   -13.4268   -7.15123
1.25443   -10.0872   -13.4496   -7.16339
1.25868   -10.1043   -13.4724   -7.17553
1.26294   -10.1214   -13.4952   -7.18765
1.26719   -10.1384   -13.5179   -7.19975
1.27144   -10.1554   -13.5406   -7.21183
1.27569   -10.1724   -13.5632   -7.22389
1.27995   -10.1894   -13.5858   -7.23593
1.2842   -10.2063   -13.6084   -7.24795
1.28845   -10.2232   -13.6309   -7.25996
1.2927   -10.2401   -13.6534   -7.27194
1.29695   -10.2569   -13.6759   -7.2839
1.30121   -10.2737   -13.6983   -7.29585
1.30546   -10.2905   -13.7207   -7.30777
1.30971   -10.3073   -13.7431   -7.31968
1.31396   -10.324   -13.7654   -7.33157
1.31822   -10.3408   -13.7877   -7.34344
1.32247   -10.3574   -13.8099   -7.35529
1.32672   -10.3741   -13.8321   -7.36712
1.33097   -10.3907   -13.8543   -7.37893
1.33523   -10.4073   -13.8765   -7.39073
1.33948   -10.4239   -13.8986   -7.4025
1.34373   -10.4405   -13.9207   -7.41426
1.34798   -10.457   -13.9427   -7.426
1.35223   -10.4735   -13.9647   -7.43772
1.35649   -10.49   -13.9867   -7.44942
1.36074   -10.5065   -14.0086   -7.46111
1.36499   -10.5229   -14.0305   -7.47277
1.36924   -10.5393   -14.0524   -7.48442
1.3735   -10.5557   -14.0742   -7.49605
1.37775   -10.572   -14.096   -7.50766
1.382   -10.5883   -14.1178   -7.51925
1.38625   -10.6046   -14.1395   -7.53083
1.39051   -10.6209   -14.1612   -7.54239
1.39476   -10.6372   -14.1829   -7.55393
1.39901   -10.6534   -14.2045   -7.56545
1.40326   -10.6696   -14.2261   -7.57695
1.40751   -10.6858   -14.2477   -7.58844
1.41177   -10.7019   -14.2692   -7.59991
1.41602   -10.718   -14.2907   -7.61136
1.42027   -10.7341   -14.3122   -7.6228
1.42452   -10.7502   -14.3336   -7.63421
1.42878   -10.7663   -14.355   -7.64561
1.43303   -10.7823   -14.3764   -7.657
1.43728   -10.7983   -14.3977   -7.66836
1.44153   -10.8143   -14.419   -7.67971
1.44579   -10.8302   -14.4403   -7.69104
1.45004   -10.8462   -14.4616   -7.70235
1.45429   -10.8621   -14.4828   -7.71365
1.45854   -10.878   -14.504   -7.72493
1.46279   -10.8938   -14.5251   -7.73619
1.46705   -10.9097   -14.5462   -7.74744
1.4713   -10.9255   -14.5673   -7.75867
1.47555   -10.9413   -14.5883   -7.76988
1.4798   -10.957   -14.6094   -7.78108
1.48406   -10.9728   -14.6304   -7.79225
1.48831   -10.9885   -14.6513   -7.80342
1.49256   -11.0042   -14.6722   -7.81456
1.49681   -11.0199   -14.6931   -7.82569
1.50107   -11.0355   -14.714   -7.8368
1.50532   -11.0511   -14.7348   -7.8479
1.50957   -11.0667   -14.7556   -7.85898
1.51382   -11.0823   -14.7764   -7.87004
1.51807   -11.0979   -14.7971   -7.88109
1.52233   -11.1134   -14.8179   -7.89212
1.52658   -11.1289   -14.8385   -7.90313
1.53083   -11.1444   -14.8592   -7.91413
1.53508   -11.1599   -14.8798   -7.92511
1.53934   -11.1753   -14.9004   -7.93608
1.54359   -11.1907   -14.921   -7.94703
1.54784   -11.2061   -14.9415   -7.95796
1.55209   -11.2215   -14.962   -7.96888
1.55635   -11.2368   -14.9825   -7.97979
1.5606   -11.2522   -15.0029   -7.99067
1.56485   -11.2675   -15.0233   -8.00154
1.5691   -11.2828   -15.0437   -8.0124
1.57335   -11.298   -15.064   -8.02324
1.57761   -11.3133   -15.0844   -8.03406
1.58186   -11.3285   -15.1046   -8.04487
1.58611   -11.3437   -15.1249   -8.05566
1.59036   -11.3589   -15.1451   -8.06644
1.59462   -11.374   -15.1653   -8.0772
1.59887   -11.3891   -15.1855   -8.08794
1.60312   -11.4043   -15.2057   -8.09867
1.60737   -11.4193   -15.2258   -8.10939
1.61163   -11.4344   -15.2459   -8.12009
1.61588   -11.4495   -15.2659   -8.13077
1.62013   -11.4645   -15.286   -8.14144
1.62438   -11.4795   -15.306   -8.15209
1.62863   -11.4945   -15.3259   -8.16273
1.63289   -11.5094   -15.3459   -8.17336
1.63714   -11.5244   -15.3658   -8.18396
1.64139   -11.5393   -15.3857   -8.19456
1.64564   -11.5542   -15.4056   -8.20514
1.6499   -11.569   -15.4254   -8.2157
1.65415   -11.5839   -15.4452   -8.22625
1.6584   -11.5987   -15.465   -8.23678
1.66265   -11.6135   -15.4847   -8.2473
1.66691   -11.6283   -15.5044   -8.2578
1.67116   -11.6431   -15.5241   -8.26829
1.67541   -11.6579   -15.5438   -8.27877
1.67966   -11.6726   -15.5634   -8.28923
1.68391   -11.6873   -15.5831   -8.29967
1.68817   -11.702   -15.6026   -8.3101
1.69242   -11.7167   -15.6222   -8.32052
1.69667   -11.7313   -15.6417   -8.33092
1.70092   -11.7459   -15.6612   -8.34131
1.70518   -11.7605   -15.6807   -8.35168
1.70943   -11.7751   -15.7002   -8.36204
1.71368   -11.7897   -15.7196   -8.37238
1.71793   -11.8042   -15.739   -8.38271
1.72219   -11.8188   -15.7583   -8.39303
1.72644   -11.8333   -15.7777   -8.40333
1.73069   -11.8477   -15.797   -8.41361
1.73494   -11.8622   -15.8163   -8.42389
1.73919   -11.8767   -15.8355   -8.43415
1.74345   -11.8911   -15.8548   -8.44439
1.7477   -11.9055   -15.874   -8.45462
1.75195   -11.9199   -15.8932   -8.46484
1.7562   -11.9342   -15.9123   -8.47504
1.76046   -11.9486   -15.9314   -8.48523
1.76471   -11.9629   -15.9505   -8.4954
1.76896   -11.9772   -15.9696   -8.50556
1.77321   -11.9915   -15.9887   -8.51571
1.77747   -12.0058   -16.0077   -8.52584
1.78172   -12.02   -16.0267   -8.53596
1.78597   -12.0343   -16.0457   -8.54606
1.79022   -12.0485   -16.0646   -8.55615
1.79447   -12.0627   -16.0835   -8.56623
1.79873   -12.0768   -16.1024   -8.57629
1.80298   -12.091   -16.1213   -8.58634
1.80723   -12.1051   -16.1401   -8.59638
1.81148   -12.1192   -16.159   -8.6064
1.81574   -12.1333   -16.1778   -8.61641
1.81999   -12.1474   -16.1965   -8.62641
1.82424   -12.1615   -16.2153   -8.63639
1.82849   -12.1755   -16.234   -8.64636
1.83275   -12.1895   -16.2527   -8.65632
1.837   -12.2035   -16.2713   -8.66626
1.84125   -12.2175   -16.29   -8.67619
1.8455   -12.2315   -16.3086   -8.6861
1.84975   -12.2454   -16.3272   -8.69601
1.85401   -12.2593   -16.3458   -8.7059
1.85826   -12.2732   -16.3643   -8.71577
1.86251   -12.2871   -16.3828   -8.72564
1.86676   -12.301   -16.4013   -8.73549
1.87102   -12.3148   -16.4198   -8.74532
1.87527   -12.3287   -16.4382   -8.75515
1.87952   -12.3425   -16.4567   -8.76496
1.88377   -12.3563   -16.475   -8.77475
1.88803   -12.3701   -16.4934   -8.78454
1.89228   -12.3838   -16.5118   -8.79431
1.89653   -12.3976   -16.5301   -8.80407
1.90078   -12.4113   -16.5484   -8.81382
1.90503   -12.425   -16.5667   -8.82355
1.90929   -12.4387   -16.5849   -8.83327
1.91354   -12.4524   -16.6031   -8.84298
1.91779   -12.466   -16.6213   -8.85267
1.92204   -12.4796   -16.6395   -8.86235
1.9263   -12.4933   -16.6577   -8.87202
1.93055   -12.5069   -16.6758   -8.88168
1.9348   -12.5204   -16.6939   -8.89132
1.93905   -12.534   -16.712   -8.90096
1.94331   -12.5475   -16.7301   -8.91058
1.94756   -12.5611   -16.7481   -8.92018
1.95181   -12.5746   -16.7661   -8.92978
1.95606   -12.5881   -16.7841   -8.93936
1.96031   -12.6015   -16.8021   -8.94893
1.96457   -12.615   -16.82   -8.95848
1.96882   -12.6284   -16.8379   -8.96803
1.97307   -12.6419   -16.8558   -8.97756
1.97732   -12.6553   -16.8737   -8.98708
1.98158   -12.6687   -16.8915   -8.99659
1.98583   -12.682   -16.9094   -9.00608
1.99008   -12.6954   -16.9272   -9.01556
1.99433   -12.7087   -16.945   -9.02503
1.99859   -12.722   -16.9627   -9.03449
2.00284   -12.7353   -16.9805   -9.04394
2.00709   -12.7486   -16.9982   -9.05337
2.01134   -12.7619   -17.0159   -9.06279
2.01559   -12.7751   -17.0335   -9.0722
2.01985   -12.7884   -17.0512   -9.0816
2.0241   -12.8016   -17.0688   -9.09099
2.02835   -12.8148   -17.0864   -9.10036
2.0326   -12.828   -17.104   -9.10972
2.03686   -12.8411   -17.1215   -9.11907
2.04111   -12.8543   -17.1391   -9.12841
2.04536   -12.8674   -17.1566   -9.13774
2.04961   -12.8805   -17.1741   -9.14705
2.05387   -12.8936   -17.1915   -9.15635
2.05812   -12.9067   -17.209   -9.16564
2.06237   -12.9198   -17.2264   -9.17492
2.06662   -12.9328   -17.2438   -9.18419
2.07088   -12.9459   -17.2612   -9.19344
2.07513   -12.9589   -17.2785   -9.20269
2.07938   -12.9719   -17.2958   -9.21192
2.08363   -12.9849   -17.3132   -9.22114
2.08788   -12.9978   -17.3304   -9.23035
2.09214   -13.0108   -17.3477   -9.23955
2.09639   -13.0237   -17.365   -9.24873
2.10064   -13.0366   -17.3822   -9.2579
2.10489   -13.0495   -17.3994   -9.26707
2.10915   -13.0624   -17.4166   -9.27622
2.1134   -13.0753   -17.4337   -9.28536
2.11765   -13.0882   -17.4509   -9.29449
2.1219   -13.101   -17.468   -9.3036
2.12616   -13.1138   -17.4851   -9.31271
2.13041   -13.1266   -17.5022   -9.3218
2.13466   -13.1394   -17.5192   -9.33088
2.13891   -13.1522   -17.5362   -9.33996
2.14316   -13.1649   -17.5533   -9.34902
2.14742   -13.1777   -17.5702   -9.35806
2.15167   -13.1904   -17.5872   -9.3671
2.15592   -13.2031   -17.6042   -9.37613
2.16017   -13.2158   -17.6211   -9.38514
2.16443   -13.2285   -17.638   -9.39415
2.16868   -13.2412   -17.6549   -9.40314
2.17293   -13.2538   -17.6717   -9.41212
2.17718   -13.2664   -17.6886   -9.42109
2.18144   -13.2791   -17.7054   -9.43005
2.18569   -13.2917   -17.7222   -9.439
2.18994   -13.3042   -17.739   -9.44794
2.19419   -13.3168   -17.7557   -9.45686
2.19844   -13.3294   -17.7725   -9.46578
2.2027   -13.3419   -17.7892   -9.47468
2.20695   -13.3544   -17.8059   -9.48358
2.2112   -13.3669   -17.8226   -9.49246
2.21545   -13.3794   -17.8392   -9.50133
2.21971   -13.3919   -17.8559   -9.51019
2.22396   -13.4044   -17.8725   -9.51904
2.22821   -13.4168   -17.8891   -9.52788
2.23246   -13.4292   -17.9057   -9.53671
2.23672   -13.4417   -17.9222   -9.54553
2.24097   -13.4541   -17.9388   -9.55434
2.24522   -13.4665   -17.9553   -9.56313
2.24947   -13.4788   -17.9718   -9.57192
2.25372   -13.4912   -17.9882   -9.58069
2.25798   -13.5035   -18.0047   -9.58946
2.26223   -13.5159   -18.0211   -9.59821
2.26648   -13.5282   -18.0376   -9.60696
2.27073   -13.5405   -18.0539   -9.61569
2.27499   -13.5527   -18.0703   -9.62441
2.27924   -13.565   -18.0867   -9.63312
2.28349   -13.5773   -18.103   -9.64182
2.28774   -13.5895   -18.1193   -9.65051
2.292   -13.6017   -18.1356   -9.65919
2.29625   -13.6139   -18.1519   -9.66786
2.3005   -13.6261   -18.1682   -9.67652
2.30475   -13.6383   -18.1844   -9.68517
2.309   -13.6505   -18.2006   -9.69381
2.31326   -13.6626   -18.2168   -9.70244
2.31751   -13.6748   -18.233   -9.71106
2.32176   -13.6869   -18.2492   -9.71966
2.32601   -13.699   -18.2653   -9.72826
2.33027   -13.7111   -18.2814   -9.73685
2.33452   -13.7232   -18.2975   -9.74543
2.33877   -13.7352   -18.3136   -9.75399
2.34302   -13.7473   -18.3297   -9.76255
2.34728   -13.7593   -18.3457   -9.7711
2.35153   -13.7713   -18.3618   -9.77963
2.35578   -13.7833   -18.3778   -9.78816
2.36003   -13.7953   -18.3938   -9.79667
2.36428   -13.8073   -18.4097   -9.80518
2.36854   -13.8193   -18.4257   -9.81367
2.37279   -13.8312   -18.4416   -9.82216
2.37704   -13.8431   -18.4575   -9.83064
2.38129   -13.8551   -18.4734   -9.8391
2.38555   -13.867   -18.4893   -9.84756
2.3898   -13.8789   -18.5051   -9.856
2.39405   -13.8907   -18.521   -9.86444
2.3983   -13.9026   -18.5368   -9.87286
2.40256   -13.9145   -18.5526   -9.88128
2.40681   -13.9263   -18.5684   -9.88968
2.41106   -13.9381   -18.5842   -9.89808
2.41531   -13.9499   -18.5999   -9.90647
2.41956   -13.9617   -18.6156   -9.91484
2.42382   -13.9735   -18.6313   -9.92321
2.42807   -13.9853   -18.647   -9.93157
2.43232   -13.997   -18.6627   -9.93991
2.43657   -14.0088   -18.6783   -9.94825
2.44083   -14.0205   -18.694   -9.95658
2.44508   -14.0322   -18.7096   -9.9649
2.44933   -14.0439   -18.7252   -9.9732
2.45358   -14.0556   -18.7408   -9.9815
2.45784   -14.0673   -18.7563   -9.98979
2.46209   -14.0789   -18.7719   -9.99807
2.46634   -14.0906   -18.7874   -10.0063
2.47059   -14.1022   -18.8029   -10.0146
2.47484   -14.1138   -18.8184   -10.0229
2.4791   -14.1254   -18.8339   -10.0311
2.48335   -14.137   -18.8493   -10.0393
2.4876   -14.1486   -18.8648   -10.0475
2.49185   -14.1601   -18.8802   -10.0558
2.49611   -14.1717   -18.8956   -10.064
2.50036   -14.1832   -18.911   -10.0722
2.50461   -14.1948   -18.9263   -10.0803
2.50886   -14.2063   -18.9417   -10.0885
2.51312   -14.2178   -18.957   -10.0967
2.51737   -14.2293   -18.9723   -10.1048
2.52162   -14.2407   -18.9876   -10.113
2.52587   -14.2522   -19.0029   -10.1211
2.53012   -14.2636   -19.0182   -10.1292
2.53438   -14.2751   -19.0334   -10.1374
2.53863   -14.2865   -19.0486   -10.1455
2.54288   -14.2979   -19.0638   -10.1536
2.54713   -14.3093   -19.079   -10.1617
2.55139   -14.3207   -19.0942   -10.1697
2.55564   -14.332   -19.1094   -10.1778
2.55989   -14.3434   -19.1245   -10.1859
2.56414   -14.3547   -19.1396   -10.1939
2.5684   -14.366   -19.1547   -10.202
2.57265   -14.3774   -19.1698   -10.21
2.5769   -14.3887   -19.1849   -10.218
2.58115   -14.4   -19.1999   -10.2261
2.5854   -14.4112   -19.215   -10.2341
2.58966   -14.4225   -19.23   -10.2421
2.59391   -14.4337   -19.245   -10.2501
2.59816   -14.445   -19.26   -10.258
2.60241   -14.4562   -19.2749   -10.266
2.60667   -14.4674   -19.2899   -10.274
2.61092   -14.4786   -19.3048   -10.2819
2.61517   -14.4898   -19.3198   -10.2899
2.61942   -14.501   -19.3347   -10.2978
2.62368   -14.5122   -19.3495   -10.3057
2.62793   -14.5233   -19.3644   -10.3136
2.63218   -14.5344   -19.3793   -10.3216
2.63643   -14.5456   -19.3941   -10.3295
2.64068   -14.5567   -19.4089   -10.3374
2.64494   -14.5678   -19.4237   -10.3452
2.64919   -14.5789   -19.4385   -10.3531
2.65344   -14.5899   -19.4533   -10.361
2.65769   -14.601   -19.468   -10.3688
2.66195   -14.6121   -19.4827   -10.3767
2.6662   -14.6231   -19.4975   -10.3845
2.67045   -14.6341   -19.5122   -10.3923
2.6747   -14.6451   -19.5268   -10.4002
2.67896   -14.6561   -19.5415   -10.408
2.68321   -14.6671   -19.5562   -10.4158
2.68746   -14.6781   -19.5708   -10.4236
2.69171   -14.6891   -19.5854   -10.4314
2.69596   -14.7   -19.6   -10.4391
2.70022   -14.711   -19.6146   -10.4469
2.70447   -14.7219   -19.6292   -10.4547
2.70872   -14.7328   -19.6437   -10.4624
2.71297   -14.7437   -19.6583   -10.4702
2.71723   -14.7546   -19.6728   -10.4779
2.72148   -14.7655   -19.6873   -10.4856
2.72573   -14.7763   -19.7018   -10.4933
2.72998   -14.7872   -19.7163   -10.5011
2.73424   -14.798   -19.7307   -10.5088
2.73849   -14.8089   -19.7452   -10.5164
2.74274   -14.8197   -19.7596   -10.5241
2.74699   -14.8305   -19.774   -10.5318
2.75124   -14.8413   -19.7884   -10.5395
2.7555   -14.8521   -19.8028   -10.5471
2.75975   -14.8629   -19.8171   -10.5548
2.764   -14.8736   -19.8315   -10.5624
2.76825   -14.8844   -19.8458   -10.5701
2.77251   -14.8951   -19.8601   -10.5777
2.77676   -14.9058   -19.8744   -10.5853
2.78101   -14.9165   -19.8887   -10.5929
2.78526   -14.9272   -19.903   -10.6005
2.78952   -14.9379   -19.9173   -10.6081
2.79377   -14.9486   -19.9315   -10.6157
2.79802   -14.9593   -19.9457   -10.6233
2.80227   -14.9699   -19.9599   -10.6308
2.80652   -14.9806   -19.9741   -10.6384
2.81078   -14.9912   -19.9883   -10.6459
2.81503   -15.0018   -20.0024   -10.6535
2.81928   -15.0124   -20.0166   -10.661
2.82353   -15.023   -20.0307   -10.6685
2.82779   -15.0336   -20.0448   -10.6761
2.83204   -15.0442   -20.0589   -10.6836
2.83629   -15.0548   -20.073   -10.6911
2.84054   -15.0653   -20.0871   -10.6986
2.8448   -15.0759   -20.1011   -10.706
2.84905   -15.0864   -20.1152   -10.7135
2.8533   -15.0969   -20.1292   -10.721
2.85755   -15.1074   -20.1432   -10.7285
2.8618   -15.1179   -20.1572   -10.7359
2.86606   -15.1284   -20.1712   -10.7434
2.87031   -15.1389   -20.1852   -10.7508
2.87456   -15.1493   -20.1991   -10.7582
2.87881   -15.1598   -20.213   -10.7656
2.88307   -15.1702   -20.227   -10.7731
2.88732   -15.1806   -20.2409   -10.7805
2.89157   -15.1911   -20.2547   -10.7879
2.89582   -15.2015   -20.2686   -10.7952
2.90008   -15.2119   -20.2825   -10.8026
2.90433   -15.2222   -20.2963   -10.81
2.90858   -15.2326   -20.3102   -10.8174
2.91283   -15.243   -20.324   -10.8247
2.91708   -15.2533   -20.3378   -10.8321
2.92134   -15.2637   -20.3516   -10.8394
2.92559   -15.274   -20.3653   -10.8467
2.92984   -15.2843   -20.3791   -10.8541
2.93409   -15.2946   -20.3928   -10.8614
2.93835   -15.3049   -20.4065   -10.8687
2.9426   -15.3152   -20.4203   -10.876
2.94685   -15.3255   -20.434   -10.8833
2.9511   -15.3357   -20.4476   -10.8906
2.95536   -15.346   -20.4613   -10.8979
2.95961   -15.3562   -20.475   -10.9051
2.96386   -15.3665   -20.4886   -10.9124
2.96811   -15.3767   -20.5022   -10.9197
2.97236   -15.3869   -20.5158   -10.9269
2.97662   -15.3971   -20.5294   -10.9342
2.98087   -15.4073   -20.543   -10.9414
2.98512   -15.4174   -20.5566   -10.9486
2.98937   -15.4276   -20.5701   -10.9558
2.99363   -15.4378   -20.5837   -10.963
2.99788   -15.4479   -20.5972   -10.9702
3.00213   -15.458   -20.6107   -10.9774
3.00638   -15.4682   -20.6242   -10.9846
3.01064   -15.4783   -20.6377   -10.9918
3.01489   -15.4884   -20.6512   -10.999
3.01914   -15.4985   -20.6646   -11.0062
3.02339   -15.5085   -20.6781   -11.0133
3.02764   -15.5186   -20.6915   -11.0205
3.0319   -15.5287   -20.7049   -11.0276
3.03615   -15.5387   -20.7183   -11.0347
3.0404   -15.5488   -20.7317   -11.0419
3.04465   -15.5588   -20.745   -11.049
3.04891   -15.5688   -20.7584   -11.0561
3.05316   -15.5788   -20.7717   -11.0632
3.05741   -15.5888   -20.7851   -11.0703
3.06166   -15.5988   -20.7984   -11.0774
3.06592   -15.6088   -20.8117   -11.0845
3.07017   -15.6187   -20.825   -11.0916
3.07442   -15.6287   -20.8382   -11.0986
3.07867   -15.6386   -20.8515   -11.1057
3.08292   -15.6486   -20.8647   -11.1127
3.08718   -15.6585   -20.878   -11.1198
3.09143   -15.6684   -20.8912   -11.1268
3.09568   -15.6783   -20.9044   -11.1339
3.09993   -15.6882   -20.9176   -11.1409
3.10419   -15.6981   -20.9308   -11.1479
3.10844   -15.7079   -20.9439   -11.1549
3.11269   -15.7178   -20.9571   -11.1619
3.11694   -15.7277   -20.9702   -11.1689
3.1212   -15.7375   -20.9833   -11.1759
3.12545   -15.7473   -20.9964   -11.1829
3.1297   -15.7572   -21.0095   -11.1899
3.13395   -15.767   -21.0226   -11.1968
3.1382   -15.7768   -21.0357   -11.2038
3.14246   -15.7866   -21.0488   -11.2107
3.14671   -15.7963   -21.0618   -11.2177
3.15096   -15.8061   -21.0748   -11.2246
3.15521   -15.8159   -21.0878   -11.2316
3.15947   -15.8256   -21.1008   -11.2385
3.16372   -15.8354   -21.1138   -11.2454
3.16797   -15.8451   -21.1268   -11.2523
3.17222   -15.8548   -21.1398   -11.2592
3.17648   -15.8645   -21.1527   -11.2661
3.18073   -15.8742   -21.1656   -11.273
3.18498   -15.8839   -21.1786   -11.2799
3.18923   -15.8936   -21.1915   -11.2868
3.19348   -15.9033   -21.2044   -11.2936
3.19774   -15.9129   -21.2173   -11.3005
3.20199   -15.9226   -21.2301   -11.3074
3.20624   -15.9322   -21.243   -11.3142
3.21049   -15.9419   -21.2558   -11.321
3.21475   -15.9515   -21.2687   -11.3279
3.219   -15.9611   -21.2815   -11.3347
3.22325   -15.9707   -21.2943   -11.3415
3.2275   -15.9803   -21.3071   -11.3483
3.23176   -15.9899   -21.3199   -11.3551
3.23601   -15.9995   -21.3326   -11.3619
3.24026   -16.009   -21.3454   -11.3687
3.24451   -16.0186   -21.3581   -11.3755
3.24876   -16.0281   -21.3708   -11.3823
3.25302   -16.0377   -21.3836   -11.3891
3.25727   -16.0472   -21.3963   -11.3958
3.26152   -16.0567   -21.4089   -11.4026
3.26577   -16.0662   -21.4216   -11.4093
3.27003   -16.0757   -21.4343   -11.4161
3.27428   -16.0852   -21.4469   -11.4228
3.27853   -16.0947   -21.4596   -11.4296
3.28278   -16.1041   -21.4722   -11.4363
3.28704   -16.1136   -21.4848   -11.443
3.29129   -16.1231   -21.4974   -11.4497
3.29554   -16.1325   -21.51   -11.4564
3.29979   -16.1419   -21.5226   -11.4631
3.30404   -16.1514   -21.5351   -11.4698
3.3083   -16.1608   -21.5477   -11.4765
3.31255   -16.1702   -21.5602   -11.4832
3.3168   -16.1796   -21.5727   -11.4898
3.32105   -16.1889   -21.5853   -11.4965
3.32531   -16.1983   -21.5978   -11.5032
3.32956   -16.2077   -21.6102   -11.5098
3.33381   -16.217   -21.6227   -11.5164
3.33806   -16.2264   -21.6352   -11.5231
3.34232   -16.2357   -21.6476   -11.5297
3.34657   -16.2451   -21.6601   -11.5363
3.35082   -16.2544   -21.6725   -11.543
3.35507   -16.2637   -21.6849   -11.5496
3.35932   -16.273   -21.6973   -11.5562
3.36358   -16.2823   -21.7097   -11.5628
3.36783   -16.2916   -21.7221   -11.5694
3.37208   -16.3008   -21.7344   -11.576
3.37633   -16.3101   -21.7468   -11.5825
3.38059   -16.3193   -21.7591   -11.5891
3.38484   -16.3286   -21.7715   -11.5957
3.38909   -16.3378   -21.7838   -11.6022
3.39334   -16.3471   -21.7961   -11.6088
3.3976   -16.3563   -21.8084   -11.6153
3.40185   -16.3655   -21.8206   -11.6219
3.4061   -16.3747   -21.8329   -11.6284
3.41035   -16.3839   -21.8452   -11.6349
3.41461   -16.3931   -21.8574   -11.6414
3.41886   -16.4022   -21.8696   -11.648
3.42311   -16.4114   -21.8819   -11.6545
3.42736   -16.4205   -21.8941   -11.661
3.43161   -16.4297   -21.9063   -11.6675
3.43587   -16.4388   -21.9184   -11.674
3.44012   -16.448   -21.9306   -11.6804
3.44437   -16.4571   -21.9428   -11.6869
3.44862   -16.4662   -21.9549   -11.6934
3.45288   -16.4753   -21.967   -11.6998
3.45713   -16.4844   -21.9792   -11.7063
3.46138   -16.4935   -21.9913   -11.7127
3.46563   -16.5025   -22.0034   -11.7192
3.46989   -16.5116   -22.0155   -11.7256
3.47414   -16.5207   -22.0275   -11.7321
3.47839   -16.5297   -22.0396   -11.7385
3.48264   -16.5387   -22.0517   -11.7449
3.48689   -16.5478   -22.0637   -11.7513
3.49115   -16.5568   -22.0757   -11.7577
3.4954   -16.5658   -22.0878   -11.7641
3.49965   -16.5748   -22.0998   -11.7705
3.5039   -16.5838   -22.1118   -11.7769
3.50816   -16.5928   -22.1237   -11.7833
3.51241   -16.6018   -22.1357   -11.7897
3.51666   -16.6107   -22.1477   -11.796
3.52091   -16.6197   -22.1596   -11.8024
3.52517   -16.6287   -22.1715   -11.8088
3.52942   -16.6376   -22.1835   -11.8151
3.53367   -16.6465   -22.1954   -11.8215
3.53792   -16.6555   -22.2073   -11.8278
3.54217   -16.6644   -22.2192   -11.8341
3.54643   -16.6733   -22.2311   -11.8405
3.55068   -16.6822   -22.2429   -11.8468
3.55493   -16.6911   -22.2548   -11.8531
3.55918   -16.7   -22.2666   -11.8594
3.56344   -16.7088   -22.2785   -11.8657
3.56769   -16.7177   -22.2903   -11.872
3.57194   -16.7266   -22.3021   -11.8783
3.57619   -16.7354   -22.3139   -11.8846
3.58045   -16.7443   -22.3257   -11.8908
3.5847   -16.7531   -22.3375   -11.8971
3.58895   -16.7619   -22.3492   -11.9034
3.5932   -16.7707   -22.361   -11.9096
3.59745   -16.7795   -22.3727   -11.9159
3.60171   -16.7883   -22.3844   -11.9221
3.60596   -16.7971   -22.3962   -11.9284
3.61021   -16.8059   -22.4079   -11.9346
3.61446   -16.8147   -22.4196   -11.9409
3.61872   -16.8234   -22.4313   -11.9471
3.62297   -16.8322   -22.4429   -11.9533
3.62722   -16.8409   -22.4546   -11.9595
3.63147   -16.8497   -22.4663   -11.9657
3.63573   -16.8584   -22.4779   -11.9719
3.63998   -16.8671   -22.4895   -11.9781
3.64423   -16.8759   -22.5011   -11.9843
3.64848   -16.8846   -22.5128   -11.9905
3.65273   -16.8933   -22.5244   -11.9967
3.65699   -16.902   -22.5359   -12.0028
3.66124   -16.9106   -22.5475   -12.009
3.66549   -16.9193   -22.5591   -12.0152
3.66974   -16.928   -22.5706   -12.0213
3.674   -16.9366   -22.5822   -12.0275
3.67825   -16.9453   -22.5937   -12.0336
3.6825   -16.9539   -22.6052   -12.0397
3.68675   -16.9626   -22.6167   -12.0459
3.69101   -16.9712   -22.6282   -12.052
3.69526   -16.9798   -22.6397   -12.0581
3.69951   -16.9884   -22.6512   -12.0642
3.70376   -16.997   -22.6627   -12.0703
3.70801   -17.0056   -22.6741   -12.0764
3.71227   -17.0142   -22.6856   -12.0825
3.71652   -17.0228   -22.697   -12.0886
3.72077   -17.0313   -22.7084   -12.0947
3.72502   -17.0399   -22.7199   -12.1008
3.72928   -17.0484   -22.7313   -12.1069
3.73353   -17.057   -22.7427   -12.1129
3.73778   -17.0655   -22.754   -12.119
3.74203   -17.0741   -22.7654   -12.1251
3.74629   -17.0826   -22.7768   -12.1311
3.75054   -17.0911   -22.7881   -12.1371
3.75479   -17.0996   -22.7995   -12.1432
3.75904   -17.1081   -22.8108   -12.1492
3.76329   -17.1166   -22.8221   -12.1552
3.76755   -17.1251   -22.8334   -12.1613
3.7718   -17.1335   -22.8447   -12.1673
3.77605   -17.142   -22.856   -12.1733
3.7803   -17.1505   -22.8673   -12.1793
3.78456   -17.1589   -22.8785   -12.1853
3.78881   -17.1673   -22.8898   -12.1913
3.79306   -17.1758   -22.901   -12.1973
3.79731   -17.1842   -22.9123   -12.2033
3.80157   -17.1926   -22.9235   -12.2093
3.80582   -17.201   -22.9347   -12.2152
3.81007   -17.2094   -22.9459   -12.2212
3.81432   -17.2178   -22.9571   -12.2272
3.81857   -17.2262   -22.9683   -12.2331
3.82283   -17.2346   -22.9795   -12.2391
3.82708   -17.243   -22.9906   -12.245
3.83133   -17.2513   -23.0018   -12.2509
3.83558   -17.2597   -23.0129   -12.2569
3.83984   -17.268   -23.024   -12.2628
3.84409   -17.2764   -23.0352   -12.2687
3.84834   -17.2847   -23.0463   -12.2746
3.85259   -17.293   -23.0574   -12.2806
3.85685   -17.3013   -23.0685   -12.2865
3.8611   -17.3097   -23.0795   -12.2924
3.86535   -17.318   -23.0906   -12.2983
3.8696   -17.3262   -23.1017   -12.3041
3.87385   -17.3345   -23.1127   -12.31
3.87811   -17.3428   -23.1238   -12.3159
3.88236   -17.3511   -23.1348   -12.3218
3.88661   -17.3593   -23.1458   -12.3277
3.89086   -17.3676   -23.1568   -12.3335
3.89512   -17.3759   -23.1678   -12.3394
3.89937   -17.3841   -23.1788   -12.3452
3.90362   -17.3923   -23.1898   -12.3511
3.90787   -17.4006   -23.2007   -12.3569
3.91213   -17.4088   -23.2117   -12.3628
3.91638   -17.417   -23.2226   -12.3686
3.92063   -17.4252   -23.2336   -12.3744
3.92488   -17.4334   -23.2445   -12.3802
3.92913   -17.4416   -23.2554   -12.386
3.93339   -17.4498   -23.2663   -12.3919
3.93764   -17.4579   -23.2772   -12.3977
3.94189   -17.4661   -23.2881   -12.4035
3.94614   -17.4743   -23.299   -12.4093
3.9504   -17.4824   -23.3099   -12.415
3.95465   -17.4906   -23.3207   -12.4208
3.9589   -17.4987   -23.3316   -12.4266
3.96315   -17.5068   -23.3424   -12.4324
3.96741   -17.5149   -23.3533   -12.4381
3.97166   -17.5231   -23.3641   -12.4439
3.97591   -17.5312   -23.3749   -12.4497
3.98016   -17.5393   -23.3857   -12.4554
3.98441   -17.5474   -23.3965   -12.4612
3.98867   -17.5554   -23.4073   -12.4669
3.99292   -17.5635   -23.418   -12.4726
3.99717   -17.5716   -23.4288   -12.4784
4.00142   -17.5797   -23.4395   -12.4841
4.00568   -17.5877   -23.4503   -12.4898
4.00993   -17.5958   -23.461   -12.4955
4.01418   -17.6038   -23.4717   -12.5012
4.01843   -17.6118   -23.4824   -12.507
4.02269   -17.6199   -23.4931   -12.5127
4.02694   -17.6279   -23.5038   -12.5184
4.03119   -17.6359   -23.5145   -12.524
4.03544   -17.6439   -23.5252   -12.5297
4.03969   -17.6519   -23.5359   -12.5354
4.04395   -17.6599   -23.5465   -12.5411
4.0482   -17.6679   -23.5572   -12.5468
4.05245   -17.6759   -23.5678   -12.5524
4.0567   -17.6838   -23.5784   -12.5581
4.06096   -17.6918   -23.589   -12.5637
4.06521   -17.6997   -23.5997   -12.5694
4.06946   -17.7077   -23.6102   -12.575
4.07371   -17.7156   -23.6208   -12.5807
4.07797   -17.7236   -23.6314   -12.5863
4.08222   -17.7315   -23.642   -12.5919
4.08647   -17.7394   -23.6525   -12.5976
4.09072   -17.7473   -23.6631   -12.6032
4.09497   -17.7552   -23.6736   -12.6088
4.09923   -17.7631   -23.6842   -12.6144
4.10348   -17.771   -23.6947   -12.62
4.10773   -17.7789   -23.7052   -12.6256
4.11198   -17.7868   -23.7157   -12.6312
4.11624   -17.7947   -23.7262   -12.6368
4.12049   -17.8025   -23.7367   -12.6424
4.12474   -17.8104   -23.7472   -12.6479
4.12899   -17.8182   -23.7576   -12.6535
4.13325   -17.8261   -23.7681   -12.6591
4.1375   -17.8339   -23.7785   -12.6647
4.14175   -17.8417   -23.789   -12.6702
4.146   -17.8496   -23.7994   -12.6758
4.15025   -17.8574   -23.8098   -12.6813
4.15451   -17.8652   -23.8202   -12.6869
4.15876   -17.873   -23.8306   -12.6924
4.16301   -17.8808   -23.841   -12.6979
4.16726   -17.8886   -23.8514   -12.7035
4.17152   -17.8963   -23.8618   -12.709
4.17577   -17.9041   -23.8722   -12.7145
4.18002   -17.9119   -23.8825   -12.72
4.18427   -17.9196   -23.8929   -12.7255
4.18853   -17.9274   -23.9032   -12.7311
4.19278   -17.9351   -23.9135   -12.7366
4.19703   -17.9429   -23.9239   -12.7421
4.20128   -17.9506   -23.9342   -12.7475
4.20553   -17.9583   -23.9445   -12.753
4.20979   -17.9661   -23.9548   -12.7585
4.21404   -17.9738   -23.965   -12.764
4.21829   -17.9815   -23.9753   -12.7695
4.22254   -17.9892   -23.9856   -12.7749
4.2268   -17.9969   -23.9958   -12.7804
4.23105   -18.0046   -24.0061   -12.7859
4.2353   -18.0122   -24.0163   -12.7913
4.23955   -18.0199   -24.0266   -12.7968
4.24381   -18.0276   -24.0368   -12.8022
