x_perp,Sigma_kgm2
0   5.59508e-23
0.00425231   4.93727e-23
0.00850462   4.55431e-23
0.0127569   4.28689e-23
0.0170092   4.08203e-23
0.0212616   3.91613e-23
0.0255139   3.77674e-23
0.0297662   3.65654e-23
0.0340185   3.55087e-23
0.0382708   3.45657e-23
0.0425231   3.37144e-23
0.0467754   3.29383e-23
0.0510277   3.22252e-23
0.05528   3.15656e-23
0.0595323   3.09521e-23
0.0637847   3.03786e-23
0.068037   2.98403e-23
0.0722893   2.9333e-23
0.0765416   2.88535e-23
0.0807939   2.83988e-23
0.0850462   2.79665e-23
0.0892985   2.75546e-23
0.0935508   2.71612e-23
0.0978031   2.67847e-23
0.102055   2.64239e-23
0.106308   2.60774e-23
0.11056   2.57441e-23
0.114812   2.54232e-23
0.119065   2.51137e-23
0.123317   2.48149e-23
0.127569   2.45261e-23
0.131822   2.42466e-23
0.136074   2.3976e-23
0.140326   2.37136e-23
0.144579   2.3459e-23
0.148831   2.32117e-23
0.153083   2.29714e-23
0.157335   2.27377e-23
0.161588   2.25102e-23
0.16584   2.22887e-23
0.170092   2.20728e-23
0.174345   2.18623e-23
0.178597   2.1657e-23
0.182849   2.14565e-23
0.187102   2.12607e-23
0.191354   2.10694e-23
0.195606   2.08824e-23
0.199859   2.06995e-23
0.204111   2.05205e-23
0.208363   2.03453e-23
0.212616   2.01738e-23
0.216868   2.00057e-23
0.22112   1.9841e-23
0.225372   1.96796e-23
0.229625   1.95213e-23
0.233877   1.9366e-23
0.238129   1.92136e-23
0.242382   1.9064e-23
0.246634   1.89171e-23
0.250886   1.87729e-23
0.255139   1.86312e-23
0.259391   1.8492e-23
0.263643   1.83551e-23
0.267896   1.82205e-23
0.272148   1.80882e-23
0.2764   1.79581e-23
0.280652   1.783e-23
0.284905   1.7704e-23
0.289157   1.758e-23
0.293409   1.7458e-23
0.297662   1.73378e-23
0.301914   1.72194e-23
0.306166   1.71028e-23
0.310419   1.69879e-23
0.314671   1.68747e-23
0.318923   1.67632e-23
0.323176   1.66532e-23
0.327428   1.65448e-23
0.33168   1.64379e-23
0.335932   1.63325e-23
0.340185   1.62285e-23
0.344437   1.6126e-23
0.348689   1.60248e-23
0.352942   1.59249e-23
0.357194   1.58264e-23
0.361446   1.57292e-23
0.365699   1.56332e-23
0.369951   1.55384e-23
0.374203   1.54448e-23
0.378456   1.53524e-23
0.382708   1.52611e-23
0.38696   1.5171e-23
0.391213   1.50819e-23
0.395465   1.49939e-23
0.399717   1.4907e-23
0.403969   1.48211e-23
0.408222   1.47362e-23
0.412474   1.46523e-23
0.416726   1.45694e-23
0.420979   1.44874e-23
0.425231   1.44063e-23
0.429483   1.43262e-23
0.433736   1.42469e-23
0.437988   1.41686e-23
0.44224   1.4091e-23
0.446493   1.40144e-23
0.450745   1.39385e-23
0.454997   1.38635e-23
0.459249   1.37893e-23
0.463502   1.37158e-23
0.467754   1.36431e-23
0.472006   1.35712e-23
0.476259   1.35e-23
0.480511   1.34296e-23
0.484763   1.33598e-23
0.489016   1.32908e-23
0.493268   1.32225e-23
0.49752   1.31548e-23
0.501773   1.30878e-23
0.506025   1.30215e-23
0.510277   1.29558e-23
0.51453   1.28908e-23
0.518782   1.28264e-23
0.523034   1.27626e-23
0.527286   1.26994e-23
0.531539   1.26368e-23
0.535791   1.25748e-23
0.540043   1.25134e-23
0.544296   1.24525e-23
0.548548   1.23922e-23
0.5528   1.23325e-23
0.557053   1.22733e-23
0.561305   1.22147e-23
0.565557   1.21565e-23
0.56981   1.20989e-23
0.574062   1.20418e-23
0.578314   1.19852e-23
0.582566   1.19291e-23
0.586819   1.18735e-23
0.591071   1.18184e-23
0.595323   1.17638e-23
0.599576   1.17096e-23
0.603828   1.16559e-23
0.60808   1.16026e-23
0.612333   1.15498e-23
0.616585   1.14975e-23
0.620837   1.14455e-23
0.62509   1.1394e-23
0.629342   1.1343e-23
0.633594   1.12923e-23
0.637847   1.12421e-23
0.642099   1.11923e-23
0.646351   1.11429e-23
0.650603   1.10939e-23
0.654856   1.10453e-23
0.659108   1.0997e-23
0.66336   1.09492e-23
0.667613   1.09017e-23
0.671865   1.08546e-23
0.676117   1.08079e-23
0.68037   1.07615e-23
0.684622   1.07155e-23
0.688874   1.06699e-23
0.693127   1.06246e-23
0.697379   1.05796e-23
0.701631   1.0535e-23
0.705883   1.04907e-23
0.710136   1.04468e-23
0.714388   1.04032e-23
0.71864   1.03599e-23
0.722893   1.0317e-23
0.727145   1.02743e-23
0.731397   1.0232e-23
0.73565   1.019e-23
0.739902   1.01483e-23
0.744154   1.01069e-23
0.748407   1.00658e-23
0.752659   1.0025e-23
0.756911   9.98449e-24
0.761164   9.94428e-24
0.765416   9.90435e-24
0.769668   9.8647e-24
0.77392   9.82533e-24
0.778173   9.78624e-24
0.782425   9.74743e-24
0.786677   9.70888e-24
0.79093   9.67061e-24
0.795182   9.6326e-24
0.799434   9.59485e-24
0.803687   9.55737e-24
0.807939   9.52014e-24
0.812191   9.48316e-24
0.816444   9.44643e-24
0.820696   9.40996e-24
0.824948   9.37373e-24
0.8292   9.33774e-24
0.833453   9.302e-24
0.837705   9.26649e-24
0.841957   9.23122e-24
0.84621   9.19619e-24
0.850462   9.16138e-24
0.854714   9.1268e-24
0.858967   9.09245e-24
0.863219   9.05833e-24
0.867471   9.02442e-24
0.871724   8.99074e-24
0.875976   8.95727e-24
0.880228   8.92402e-24
0.884481   8.89098e-24
0.888733   8.85816e-24
0.892985   8.82554e-24
0.897237   8.79313e-24
0.90149   8.76092e-24
0.905742   8.72892e-24
0.909994   8.69712e-24
0.914247   8.66551e-24
0.918499   8.63411e-24
0.922751   8.6029e-24
0.927004   8.57188e-24
0.931256   8.54106e-24
0.935508   8.51042e-24
0.939761   8.47997e-24
0.944013   8.44971e-24
0.948265   8.41963e-24
0.952517   8.38974e-24
0.95677   8.36003e-24
0.961022   8.33049e-24
0.965274   8.30114e-24
0.969527   8.27196e-24
0.973779   8.24295e-24
0.978031   8.21412e-24
0.982284   8.18546e-24
0.986536   8.15697e-24
0.990788   8.12864e-24
0.995041   8.10049e-24
0.999293   8.0725e-24
1.00355   8.04467e-24
1.0078   8.017e-24
1.01205   7.9895e-24
1.0163   7.96216e-24
1.02055   7.93497e-24
1.02481   7.90794e-24
1.02906   7.88107e-24
1.03331   7.85435e-24
1.03756   7.82778e-24
1.04182   7.80136e-24
1.04607   7.77509e-24
1.05032   7.74898e-24
1.05457   7.72301e-24
1.05883   7.69718e-24
1.06308   7.67151e-24
1.06733   7.64597e-24
1.07158   7.62058e-24
1.07583   7.59533e-24
1.08009   7.57022e-24
1.08434   7.54524e-24
1.08859   7.52041e-24
1.09284   7.49571e-24
1.0971   7.47115e-24
1.10135   7.44673e-24
1.1056   7.42243e-24
1.10985   7.39827e-24
1.11411   7.37424e-24
1.11836   7.35034e-24
1.12261   7.32657e-24
1.12686   7.30293e-24
1.13111   7.27941e-24
1.13537   7.25602e-24
1.13962   7.23276e-24
1.14387   7.20962e-24
1.14812   7.1866e-24
1.15238   7.1637e-24
1.15663   7.14093e-24
1.16088   7.11828e-24
1.16513   7.09574e-24
1.16939   7.07332e-24
1.17364   7.05102e-24
1.17789   7.02884e-24
1.18214   7.00677e-24
1.18639   6.98482e-24
1.19065   6.96298e-24
1.1949   6.94126e-24
1.19915   6.91964e-24
1.2034   6.89814e-24
1.20766   6.87675e-24
1.21191   6.85546e-24
1.21616   6.83429e-24
1.22041   6.81322e-24
1.22467   6.79226e-24
1.22892   6.77141e-24
1.23317   6.75066e-24
1.23742   6.73002e-24
1.24167   6.70948e-24
1.24593   6.68904e-24
1.25018   6.66871e-24
1.25443   6.64848e-24
1.25868   6.62835e-24
1.26294   6.60831e-24
1.26719   6.58838e-24
1.27144   6.56855e-24
1.27569   6.54881e-24
1.27995   6.52917e-24
1.2842   6.50963e-24
1.28845   6.49019e-24
1.2927   6.47084e-24
1.29695   6.45158e-24
1.30121   6.43242e-24
1.30546   6.41335e-24
1.30971   6.39437e-24
1.31396   6.37549e-24
1.31822   6.35669e-24
1.32247   6.33799e-24
1.32672   6.31937e-24
1.33097   6.30085e-24
1.33523   6.28241e-24
1.33948   6.26406e-24
1.34373   6.2458e-24
1.34798   6.22763e-24
1.35223   6.20954e-24
1.35649   6.19154e-24
1.36074   6.17362e-24
1.36499   6.15579e-24
1.36924   6.13804e-24
1.3735   6.12037e-24
1.37775   6.10279e-24
1.382   6.08529e-24
1.38625   6.06787e-24
1.39051   6.05053e-24
1.39476   6.03327e-24
1.39901   6.0161e-24
1.40326   5.999e-24
1.40751   5.98198e-24
1.41177   5.96503e-24
1.41602   5.94817e-24
1.42027   5.93138e-24
1.42452   5.91467e-24
1.42878   5.89804e-24
1.43303   5.88148e-24
1.43728   5.865e-24
1.44153   5.84859e-24
1.44579   5.83226e-24
1.45004   5.816e-24
1.45429   5.79981e-24
1.45854   5.7837e-24
1.46279   5.76765e-24
1.46705   5.75168e-24
1.4713   5.73579e-24
1.47555   5.71996e-24
1.4798   5.7042e-24
1.48406   5.68851e-24
1.48831   5.6729e-24
1.49256   5.65735e-24
1.49681   5.64187e-24
1.50107   5.62646e-24
1.50532   5.61111e-24
1.50957   5.59584e-24
1.51382   5.58063e-24
1.51807   5.56548e-24
1.52233   5.55041e-24
1.52658   5.5354e-24
1.53083   5.52045e-24
1.53508   5.50557e-24
1.53934   5.49075e-24
1.54359   5.476e-24
1.54784   5.46131e-24
1.55209   5.44669e-24
1.55635   5.43212e-24
1.5606   5.41762e-24
1.56485   5.40319e-24
1.5691   5.38881e-24
1.57335   5.37449e-24
1.57761   5.36024e-24
1.58186   5.34605e-24
1.58611   5.33191e-24
1.59036   5.31784e-24
1.59462   5.30383e-24
1.59887   5.28987e-24
1.60312   5.27598e-24
1.60737   5.26214e-24
1.61163   5.24836e-24
1.61588   5.23464e-24
1.62013   5.22097e-24
1.62438   5.20737e-24
1.62863   5.19382e-24
1.63289   5.18032e-24
1.63714   5.16688e-24
1.64139   5.1535e-24
1.64564   5.14017e-24
1.6499   5.1269e-24
1.65415   5.11369e-24
1.6584   5.10052e-24
1.66265   5.08741e-24
1.66691   5.07436e-24
1.67116   5.06136e-24
1.67541   5.04841e-24
1.67966   5.03551e-24
1.68391   5.02267e-24
1.68817   5.00988e-24
1.69242   4.99714e-24
1.69667   4.98445e-24
1.70092   4.97181e-24
1.70518   4.95923e-24
1.70943   4.94669e-24
1.71368   4.93421e-24
1.71793   4.92178e-24
1.72219   4.90939e-24
1.72644   4.89706e-24
1.73069   4.88477e-24
1.73494   4.87254e-24
1.73919   4.86035e-24
1.74345   4.84821e-24
1.7477   4.83612e-24
1.75195   4.82407e-24
1.7562   4.81208e-24
1.76046   4.80013e-24
1.76471   4.78823e-24
1.76896   4.77638e-24
1.77321   4.76457e-24
1.77747   4.75281e-24
1.78172   4.74109e-24
1.78597   4.72942e-24
1.79022   4.7178e-24
1.79447   4.70622e-24
1.79873   4.69468e-24
1.80298   4.6832e-24
1.80723   4.67175e-24
1.81148   4.66035e-24
1.81574   4.649e-24
1.81999   4.63768e-24
1.82424   4.62641e-24
1.82849   4.61519e-24
1.83275   4.60401e-24
1.837   4.59287e-24
1.84125   4.58177e-24
1.8455   4.57072e-24
1.84975   4.5597e-24
1.85401   4.54873e-24
1.85826   4.53781e-24
1.86251   4.52692e-24
1.86676   4.51607e-24
1.87102   4.50527e-24
1.87527   4.49451e-24
1.87952   4.48378e-24
1.88377   4.4731e-24
1.88803   4.46246e-24
1.89228   4.45185e-24
1.89653   4.44129e-24
1.90078   4.43077e-24
1.90503   4.42028e-24
1.90929   4.40984e-24
1.91354   4.39943e-24
1.91779   4.38907e-24
1.92204   4.37874e-24
1.9263   4.36845e-24
1.93055   4.3582e-24
1.9348   4.34798e-24
1.93905   4.3378e-24
1.94331   4.32767e-24
1.94756   4.31756e-24
1.95181   4.3075e-24
1.95606   4.29747e-24
1.96031   4.28748e-24
1.96457   4.27753e-24
1.96882   4.26761e-24
1.97307   4.25773e-24
1.97732   4.24788e-24
1.98158   4.23807e-24
1.98583   4.2283e-24
1.99008   4.21856e-24
1.99433   4.20885e-24
1.99859   4.19919e-24
2.00284   4.18955e-24
2.00709   4.17995e-24
2.01134   4.17039e-24
2.01559   4.16086e-24
2.01985   4.15136e-24
2.0241   4.1419e-24
2.02835   4.13247e-24
2.0326   4.12308e-24
2.03686   4.11372e-24
2.04111   4.10439e-24
2.04536   4.0951e-24
2.04961   4.08584e-24
2.05387   4.07661e-24
2.05812   4.06741e-24
2.06237   4.05825e-24
2.06662   4.04912e-24
2.07088   4.04002e-24
2.07513   4.03096e-24
2.07938   4.02192e-24
2.08363   4.01292e-24
2.08788   4.00395e-24
2.09214   3.99501e-24
2.09639   3.9861e-24
2.10064   3.97722e-24
2.10489   3.96838e-24
2.10915   3.95956e-24
2.1134   3.95078e-24
2.11765   3.94202e-24
2.1219   3.9333e-24
2.12616   3.9246e-24
2.13041   3.91594e-24
2.13466   3.90731e-24
2.13891   3.8987e-24
2.14316   3.89013e-24
2.14742   3.88158e-24
2.15167   3.87307e-24
2.15592   3.86458e-24
2.16017   3.85613e-24
2.16443   3.8477e-24
2.16868   3.8393e-24
2.17293   3.83093e-24
2.17718   3.82259e-24
2.18144   3.81427e-24
2.18569   3.80599e-24
2.18994   3.79773e-24
2.19419   3.7895e-24
2.19844   3.7813e-24
2.2027   3.77313e-24
2.20695   3.76498e-24
2.2112   3.75686e-24
2.21545   3.74877e-24
2.21971   3.7407e-24
2.22396   3.73267e-24
2.22821   3.72466e-24
2.23246   3.71667e-24
2.23672   3.70872e-24
2.24097   3.70079e-24
2.24522   3.69288e-24
2.24947   3.68501e-24
2.25372   3.67716e-24
2.25798   3.66933e-24
2.26223   3.66153e-24
2.26648   3.65376e-24
2.27073   3.64601e-24
2.27499   3.63829e-24
2.27924   3.63059e-24
2.28349   3.62292e-24
2.28774   3.61528e-24
2.292   3.60766e-24
2.29625   3.60006e-24
2.3005   3.59249e-24
2.30475   3.58494e-24
2.309   3.57742e-24
2.31326   3.56993e-24
2.31751   3.56245e-24
2.32176   3.55501e-24
2.32601   3.54758e-24
2.33027   3.54018e-24
2.33452   3.53281e-24
2.33877   3.52546e-24
2.34302   3.51813e-24
2.34728   3.51082e-24
2.35153   3.50354e-24
2.35578   3.49629e-24
2.36003   3.48905e-24
2.36428   3.48184e-24
2.36854   3.47466e-24
2.37279   3.46749e-24
2.37704   3.46035e-24
2.38129   3.45323e-24
2.38555   3.44614e-24
2.3898   3.43906e-24
2.39405   3.43201e-24
2.3983   3.42499e-24
2.40256   3.41798e-24
2.40681   3.411e-24
2.41106   3.40404e-24
2.41531   3.3971e-24
2.41956   3.39018e-24
2.42382   3.38329e-24
2.42807   3.37641e-24
2.43232   3.36956e-24
2.43657   3.36273e-24
2.44083   3.35592e-24
2.44508   3.34914e-24
2.44933   3.34237e-24
2.45358   3.33563e-24
2.45784   3.3289e-24
2.46209   3.3222e-24
2.46634   3.31552e-24
2.47059   3.30886e-24
2.47484   3.30222e-24
2.4791   3.2956e-24
2.48335   3.289e-24
2.4876   3.28242e-24
2.49185   3.27586e-24
2.49611   3.26933e-24
2.50036   3.26281e-24
2.50461   3.25631e-24
2.50886   3.24983e-24
2.51312   3.24338e-24
2.51737   3.23694e-24
2.52162   3.23052e-24
2.52587   3.22412e-24
2.53012   3.21775e-24
2.53438   3.21139e-24
2.53863   3.20505e-24
2.54288   3.19873e-24
2.54713   3.19243e-24
2.55139   3.18615e-24
2.55564   3.17989e-24
2.55989   3.17364e-24
2.56414   3.16742e-24
2.5684   3.16121e-24
2.57265   3.15503e-24
2.5769   3.14886e-24
2.58115   3.14271e-24
2.5854   3.13658e-24
2.58966   3.13047e-24
2.59391   3.12438e-24
2.59816   3.1183e-24
2.60241   3.11224e-24
2.60667   3.10621e-24
2.61092   3.10018e-24
2.61517   3.09418e-24
2.61942   3.0882e-24
2.62368   3.08223e-24
2.62793   3.07628e-24
2.63218   3.07035e-24
2.63643   3.06444e-24
2.64068   3.05854e-24
2.64494   3.05266e-24
2.64919   3.0468e-24
2.65344   3.04096e-24
2.65769   3.03514e-24
2.66195   3.02933e-24
2.6662   3.02353e-24
2.67045   3.01776e-24
2.6747   3.012e-24
2.67896   3.00626e-24
2.68321   3.00054e-24
2.68746   2.99483e-24
2.69171   2.98914e-24
2.69596   2.98347e-24
2.70022   2.97781e-24
2.70447   2.97217e-24
2.70872   2.96655e-24
2.71297   2.96094e-24
2.71723   2.95535e-24
2.72148   2.94978e-24
2.72573   2.94422e-24
2.72998   2.93868e-24
2.73424   2.93315e-24
2.73849   2.92764e-24
2.74274   2.92215e-24
2.74699   2.91667e-24
2.75124   2.91121e-24
2.7555   2.90576e-24
2.75975   2.90033e-24
2.764   2.89491e-24
2.76825   2.88951e-24
2.77251   2.88413e-24
2.77676   2.87876e-24
2.78101   2.87341e-24
2.78526   2.86807e-24
2.78952   2.86275e-24
2.79377   2.85744e-24
2.79802   2.85215e-24
2.80227   2.84687e-24
2.80652   2.84161e-24
2.81078   2.83636e-24
2.81503   2.83113e-24
2.81928   2.82592e-24
2.82353   2.82071e-24
2.82779   2.81553e-24
2.83204   2.81035e-24
2.83629   2.80519e-24
2.84054   2.80005e-24
2.8448   2.79492e-24
2.84905   2.78981e-24
2.8533   2.78471e-24
2.85755   2.77962e-24
2.8618   2.77455e-24
2.86606   2.76949e-24
2.87031   2.76445e-24
2.87456   2.75942e-24
2.87881   2.75441e-24
2.88307   2.74941e-24
2.88732   2.74442e-24
2.89157   2.73945e-24
2.89582   2.73449e-24
2.90008   2.72954e-24
2.90433   2.72461e-24
2.90858   2.71969e-24
2.91283   2.71479e-24
2.91708   2.7099e-24
2.92134   2.70502e-24
2.92559   2.70016e-24
2.92984   2.69531e-24
2.93409   2.69047e-24
2.93835   2.68565e-24
2.9426   2.68084e-24
2.94685   2.67604e-24
2.9511   2.67126e-24
2.95536   2.66649e-24
2.95961   2.66173e-24
2.96386   2.65699e-24
2.96811   2.65225e-24
2.97236   2.64754e-24
2.97662   2.64283e-24
2.98087   2.63814e-24
2.98512   2.63346e-24
2.98937   2.62879e-24
2.99363   2.62414e-24
2.99788   2.6195e-24
3.00213   2.61487e-24
3.00638   2.61025e-24
3.01064   2.60565e-24
3.01489   2.60106e-24
3.01914   2.59648e-24
3.02339   2.59191e-24
3.02764   2.58736e-24
3.0319   2.58281e-24
3.03615   2.57829e-24
3.0404   2.57377e-24
3.04465   2.56926e-24
3.04891   2.56477e-24
3.05316   2.56029e-24
3.05741   2.55582e-24
3.06166   2.55136e-24
3.06592   2.54692e-24
3.07017   2.54248e-24
3.07442   2.53806e-24
3.07867   2.53365e-24
3.08292   2.52925e-24
3.08718   2.52487e-24
3.09143   2.52049e-24
3.09568   2.51613e-24
3.09993   2.51178e-24
3.10419   2.50744e-24
3.10844   2.50311e-24
3.11269   2.4988e-24
3.11694   2.49449e-24
3.1212   2.4902e-24
3.12545   2.48591e-24
3.1297   2.48164e-24
3.13395   2.47738e-24
3.1382   2.47313e-24
3.14246   2.4689e-24
3.14671   2.46467e-24
3.15096   2.46045e-24
3.15521   2.45625e-24
3.15947   2.45206e-24
3.16372   2.44787e-24
3.16797   2.4437e-24
3.17222   2.43954e-24
3.17648   2.43539e-24
3.18073   2.43125e-24
3.18498   2.42713e-24
3.18923   2.42301e-24
3.19348   2.4189e-24
3.19774   2.41481e-24
3.20199   2.41072e-24
3.20624   2.40665e-24
3.21049   2.40258e-24
3.21475   2.39853e-24
3.219   2.39449e-24
3.22325   2.39045e-24
3.2275   2.38643e-24
3.23176   2.38242e-24
3.23601   2.37842e-24
3.24026   2.37443e-24
3.24451   2.37044e-24
3.24876   2.36647e-24
3.25302   2.36251e-24
3.25727   2.35856e-24
3.26152   2.35462e-24
3.26577   2.35069e-24
3.27003   2.34677e-24
3.27428   2.34286e-24
3.27853   2.33896e-24
3.28278   2.33507e-24
3.28704   2.33119e-24
3.29129   2.32732e-24
3.29554   2.32346e-24
3.29979   2.31961e-24
3.30404   2.31577e-24
3.3083   2.31194e-24
3.31255   2.30811e-24
3.3168   2.3043e-24
3.32105   2.3005e-24
3.32531   2.29671e-24
3.32956   2.29292e-24
3.33381   2.28915e-24
3.33806   2.28539e-24
3.34232   2.28163e-24
3.34657   2.27789e-24
3.35082   2.27415e-24
3.35507   2.27042e-24
3.35932   2.26671e-24
3.36358   2.263e-24
3.36783   2.2593e-24
3.37208   2.25561e-24
3.37633   2.25193e-24
3.38059   2.24826e-24
3.38484   2.2446e-24
3.38909   2.24095e-24
3.39334   2.2373e-24
3.3976   2.23367e-24
3.40185   2.23004e-24
3.4061   2.22643e-24
3.41035   2.22282e-24
3.41461   2.21922e-24
3.41886   2.21563e-24
3.42311   2.21205e-24
3.42736   2.20848e-24
3.43161   2.20492e-24
3.43587   2.20136e-24
3.44012   2.19782e-24
3.44437   2.19428e-24
3.44862   2.19075e-24
3.45288   2.18723e-24
3.45713   2.18372e-24
3.46138   2.18022e-24
3.46563   2.17673e-24
3.46989   2.17324e-24
3.47414   2.16976e-24
3.47839   2.1663e-24
3.48264   2.16284e-24
3.48689   2.15939e-24
3.49115   2.15594e-24
3.4954   2.15251e-24
3.49965   2.14908e-24
3.5039   2.14567e-24
3.50816   2.14226e-24
3.51241   2.13886e-24
3.51666   2.13546e-24
3.52091   2.13208e-24
3.52517   2.1287e-24
3.52942   2.12533e-24
3.53367   2.12197e-24
3.53792   2.11862e-24
3.54217   2.11528e-24
3.54643   2.11194e-24
3.55068   2.10861e-24
3.55493   2.1053e-24
3.55918   2.10198e-24
3.56344   2.09868e-24
3.56769   2.09538e-24
3.57194   2.0921e-24
3.57619   2.08882e-24
3.58045   2.08554e-24
3.5847   2.08228e-24
3.58895   2.07902e-24
3.5932   2.07577e-24
3.59745   2.07253e-24
3.60171   2.0693e-24
3.60596   2.06607e-24
3.61021   2.06286e-24
3.61446   2.05965e-24
3.61872   2.05644e-24
3.62297   2.05325e-24
3.62722   2.05006e-24
3.63147   2.04688e-24
3.63573   2.04371e-24
3.63998   2.04054e-24
3.64423   2.03738e-24
3.64848   2.03423e-24
3.65273   2.03109e-24
3.65699   2.02796e-24
3.66124   2.02483e-24
3.66549   2.02171e-24
3.66974   2.0186e-24
3.674   2.01549e-24
3.67825   2.01239e-24
3.6825   2.0093e-24
3.68675   2.00622e-24
3.69101   2.00314e-24
3.69526   2.00007e-24
3.69951   1.99701e-24
3.70376   1.99395e-24
3.70801   1.9909e-24
3.71227   1.98786e-24
3.71652   1.98483e-24
3.72077   1.9818e-24
3.72502   1.97878e-24
3.72928   1.97577e-24
3.73353   1.97276e-24
3.73778   1.96977e-24
3.74203   1.96677e-24
3.74629   1.96379e-24
3.75054   1.96081e-24
3.75479   1.95784e-24
3.75904   1.95487e-24
3.76329   1.95192e-24
3.76755   1.94897e-24
3.7718   1.94602e-24
3.77605   1.94309e-24
3.7803   1.94016e-24
3.78456   1.93723e-24
3.78881   1.93431e-24
3.79306   1.9314e-24
3.79731   1.9285e-24
3.80157   1.9256e-24
3.80582   1.92271e-24
3.81007   1.91983e-24
3.81432   1.91695e-24
3.81857   1.91408e-24
3.82283   1.91122e-24
3.82708   1.90836e-24
3.83133   1.90551e-24
3.83558   1.90267e-24
3.83984   1.89983e-24
3.84409   1.897e-24
3.84834   1.89417e-24
3.85259   1.89135e-24
3.85685   1.88854e-24
3.8611   1.88573e-24
3.86535   1.88294e-24
3.8696   1.88014e-24
3.87385   1.87736e-24
3.87811   1.87457e-24
3.88236   1.8718e-24
3.88661   1.86903e-24
3.89086   1.86627e-24
3.89512   1.86351e-24
3.89937   1.86077e-24
3.90362   1.85802e-24
3.90787   1.85528e-24
3.91213   1.85255e-24
3.91638   1.84983e-24
3.92063   1.84711e-24
3.92488   1.8444e-24
3.92913   1.84169e-24
3.93339   1.83899e-24
3.93764   1.8363e-24
3.94189   1.83361e-24
3.94614   1.83092e-24
3.9504   1.82825e-24
3.95465   1.82558e-24
3.9589   1.82291e-24
3.96315   1.82025e-24
3.96741   1.8176e-24
3.97166   1.81495e-24
3.97591   1.81231e-24
3.98016   1.80968e-24
3.98441   1.80705e-24
3.98867   1.80442e-24
3.99292   1.80181e-24
3.99717   1.79919e-24
4.00142   1.79659e-24
4.00568   1.79399e-24
4.00993   1.79139e-24
4.01418   1.7888e-24
4.01843   1.78622e-24
4.02269   1.78364e-24
4.02694   1.78107e-24
4.03119   1.7785e-24
4.03544   1.77594e-24
4.03969   1.77339e-24
4.04395   1.77084e-24
4.0482   1.76829e-24
4.05245   1.76576e-24
4.0567   1.76322e-24
4.06096   1.7607e-24
4.06521   1.75817e-24
4.06946   1.75566e-24
4.07371   1.75315e-24
4.07797   1.75064e-24
4.08222   1.74814e-24
4.08647   1.74565e-24
4.09072   1.74316e-24
4.09497   1.74067e-24
4.09923   1.7382e-24
4.10348   1.73572e-24
4.10773   1.73325e-24
4.11198   1.73079e-24
4.11624   1.72834e-24
4.12049   1.72588e-24
4.12474   1.72344e-24
4.12899   1.721e-24
4.13325   1.71856e-24
4.1375   1.71613e-24
4.14175   1.7137e-24
4.146   1.71128e-24
4.15025   1.70887e-24
4.15451   1.70646e-24
4.15876   1.70405e-24
4.16301   1.70165e-24
4.16726   1.69926e-24
4.17152   1.69687e-24
4.17577   1.69449e-24
4.18002   1.69211e-24
4.18427   1.68973e-24
4.18853   1.68736e-24
4.19278   1.685e-24
4.19703   1.68264e-24
4.20128   1.68029e-24
4.20553   1.67794e-24
4.20979   1.6756e-24
4.21404   1.67326e-24
4.21829   1.67092e-24
4.22254   1.66859e-24
4.2268   1.66627e-24
4.23105   1.66395e-24
4.2353   1.66164e-24
4.23955   1.65933e-24
4.24381   1.65702e-24
